2 213 257
2 33 223
2 259 288
2 156 208
2 180 106
2 75 104
2 296 242
2 0 219
3 285 102 145
2 282 149
2 95 71
2 216 265
2 212 152
2 127 252
2 96 297
2 13 126
2 161 228
2 54 196
2 85 12
2 290 233
2 63 94
2 244 215
2 80 59
2 260 256
3 121 81 280
2 214 78
2 284 189
4 185 139 199 270
2 249 289
2 224 97
2 116 181
2 271 20
3 15 113 178
2 245 151
2 68 176
2 226 123
2 203 154
2 21 153
3 111 6 251
2 294 67
2 148 43
3 50 163 194
3 243 76 55
5 204 158 269 90 255
2 207 132
2 276 266
3 11 23 279
3 295 5 100
2 103 141
3 27 248 66
2 258 77
2 170 30
2 89 192
2 107 135
2 273 272
3 146 61 238
3 39 298 120
2 162 155
2 19 49
2 281 69
2 241 250
2 74 143
2 197 182
2 73 173
2 92 206
2 177 31
2 62 292
2 14 47
2 114 186
2 140 264
2 48 274
2 125 293
2 217 262
2 209 2
2 190 165
2 160 84
3 42 45 17
2 174 37
2 101 51
2 150 1
2 25 130
2 10 229
2 133 35
2 105 240
2 70 169
2 131 52
2 119 211
2 201 231
2 83 183
2 237 247
2 159 142
3 138 291 115
3 82 124 46
2 287 175
1 98
1 16
3 236 235 9
2 283 278
1 205
2 65 112
