9 7013 3210 5140 2186 8478 3023 8626 8468 8178
16 6252 7692 2385 3793 1660 3231 8963 2341 1471 9739 220 3769 7845 5493 1594 7289
16 719 1046 7457 8033 3271 6290 2633 4368 985 954 9173 4943 4504 7251 7814 8939
16 3696 6119 8273 2424 1169 4552 7971 2931 7904 9957 5203 9032 5912 966 8174 3965
19 6031 3938 6523 617 4099 382 6751 3121 2400 1468 1116 1136 1486 2155 5974 5613 307 5731 3500
16 7109 977 7364 5713 2128 5608 4768 4430 9318 6314 6388 8255 1390 5065 6981 3386
14 6403 6058 9712 2473 843 137 5786 6714 1572 4572 3456 2070 749 2848
19 8878 128 7792 8868 1994 9100 5603 2648 9298 9302 1275 242 4517 4176 8570 1607 8423 3140 4741
16 549 8435 6202 6749 8768 245 8951 2320 3930 6727 2534 5171 5098 3526 4022 8959
17 3580 1651 502 511 8854 2613 7643 509 8491 9754 5577 8525 5618 7593 7539 9336 5631
18 2015 3411 1873 4703 4544 4749 1489 9381 7234 3673 9229 2443 1026 7590 750 4509 8275 7002
20 4435 5727 8979 565 9512 7901 5996 9833 6865 1960 1681 11 8833 7402 940 8172 8677 7257 2310 1602
15 1560 8459 7249 2167 823 3102 7275 8988 6375 2546 539 9802 1713 9120 7527
14 9563 9128 8440 6563 2119 8694 8407 8182 7462 78 7917 3355 2427 229
17 474 8262 6410 1500 5650 7811 3909 8237 5999 4033 9384 5763 9959 3706 4427 1225 5446
10 3055 8055 409 4973 559 9101 23 6768 8507 7649
19 568 9985 1240 6575 7856 5400 2885 5462 3846 9941 7718 470 1036 2779 452 9568 2211 6364 5586
19 9313 9052 7631 1353 3966 6402 8804 3669 865 8134 8064 6339 6204 9295 7023 3040 8825 8897 8770
18 2735 6658 7648 7554 2442 6101 6719 5045 5452 4559 5313 2197 6086 7031 2249 6390 3128 1599
19 1992 699 4008 8346 7737 2754 7777 5193 524 4515 754 4692 8304 5416 5505 2853 3745 7183 231
15 4078 9920 718 2825 9570 1459 8911 2923 6854 9275 9961 7242 4908 7953 9782
21 5693 8020 9543 9549 4587 3082 6213 2543 5564 7843 4221 2859 4351 9416 8697 1673 2127 5461 1425 2623 5029
18 2695 2538 1267 6903 475 1331 8300 6932 1389 4701 3392 4632 2485 8805 8751 7955 1213 5790
20 5868 9473 5214 5816 4035 6762 6904 1921 5733 7107 8013 7752 8709 4837 5331 3302 5972 1903 5044 6595
17 9084 5237 332 7698 5291 5124 6297 2228 9994 1283 6612 3707 9170 6935 7338 8572 7906
21 2009 394 8447 6029 5477 6966 9481 9641 9911 6443 912 7626 1450 3391 2560 3336 6180 5363 3941 7617 9552
20 48 4428 9806 9353 4109 2178 5382 2468 235 515 3352 6027 2030 868 2699 3804 4462 9606 9296 9259
17 5934 7230 248 6021 5503 9761 1846 8827 6910 4290 6778 42 7291 721 1878 2843 8884
18 1209 7129 9845 6340 7572 8938 6081 6930 4924 8814 1756 1435 4152 7667 5467 6285 9749 7766
18 4494 9463 4349 6842 6615 4786 3418 5951 4278 3499 2040 8793 7331 9688 3943 4216 9615 5138
18 3090 6849 2603 1804 8614 8615 1443 396 7048 6868 7178 4747 4259 5625 8946 1080 1549 438
20 8292 8698 2422 9487 8989 419 7759 1537 6121 3752 3894 4264 37 3968 441 5826 1659 3671 1892 5672
16 4379 2559 7553 4154 9871 4704 9858 2343 83 592 8390 9653 6371 6011 623 2697
16 1105 6012 3026 8421 772 8062 8610 6921 5133 5872 4382 8165 6827 5355 393 9601
21 7657 7320 1970 4115 2741 6871 952 523 1179 8533 7894 6181 6726 6970 8049 2148 7486 5863 1400 6074 770
17 2247 9406 8328 2216 1106 1676 4498 6681 4038 946 8473 8592 4178 3423 1366 7202 7311
22 1273 3148 5089 1986 1797 2852 9075 8485 4244 2829 4690 1320 1854 3018 9399 8499 2775 8267 480 6702 8260 4124
20 6412 4208 5540 9071 2482 5082 7456 118 6416 8136 6974 7708 8495 6637 3670 2890 593 9771 4305 8332
18 3442 3990 9869 1963 4914 2600 5622 9822 2248 3992 1075 8513 7786 2088 1936 2521 8877 5857
19 6822 583 5393 6003 8766 3325 4356 9388 4236 3570 2844 8992 4974 4771 4755 3733 3080 8308 8375
21 1867 6199 2198 497 942 3181 2906 9844 1264 3967 9110 6862 3832 3283 9312 6787 8756 5935 3369 5718 9532
20 4758 4885 3188 950 146 1745 6587 4623 6915 6157 8935 4025 5149 6837 6553 1445 755 901 8232 3012
17 311 5711 660 1553 9612 2374 3308 1747 8166 9697 4210 6500 9468 664 5749 8690 8337
18 6381 9452 482 166 507 1441 9232 9073 4209 5582 3473 9704 973 2820 1153 7983 234 2441
22 7399 1773 7248 6818 1667 1557 1587 2979 9272 9077 9441 5039 4543 1767 9231 2494 9762 7304 5354 9956 8925 7057
19 6901 5743 1955 9805 1723 9065 5566 7387 4800 1891 2933 1982 9218 654 5275 8712 236 5669 4662
15 7957 9996 8835 3554 2000 8116 876 4159 4394 6312 5475 8528 8305 5918 9921
13 303 2313 3067 7465 5888 2663 7684 738 3582 8002 2872 1808 2940
21 6670 5858 3426 6984 2681 8504 1263 2011 8214 6800 8481 4845 9212 1782 1990 1971 7596 5781 5960 9277 142
19 5717 3208 2782 9524 1365 7113 2383 3977 8545 6522 3551 8887 5196 5772 4972 5148 4393 790 9326
20 7956 4781 2455 5686 9738 4555 8597 4371 4347 3691 3811 490 3145 8732 3713 2701 6354 5560 9773 5661
19 3629 1803 2352 5799 1369 5844 1166 6696 740 8544 4660 5552 8281 7961 7378 6852 7826 7603 7476
17 1515 658 1030 4153 1729 5495 2802 578 3505 9659 9767 1525 1533 9365 1044 7577 6288
21 1757 2429 5856 47 8079 3663 3468 3203 8631 3466 2769 9378 5715 5384 2757 5165 5736 9417 5814 8893 5931
19 8731 8158 9078 9947 4028 4007 9158 6832 9611 5534 7305 6866 8031 1654 5987 2363 7053 3310 8847
18 1776 3444 1635 4502 4003 7663 9964 5001 2241 4340 8264 4468 9522 5936 6050 54 9703 4157
20 1138 726 4546 7086 9557 6305 7245 3451 1644 7143 7222 4096 6234 1154 6539 6077 9509 8683 4723 3514
17 9619 9347 3354 9289 9159 2095 4031 3694 6038 8863 5175 359 3081 8777 6153 3871 6212
18 4309 7020 8198 417 5678 9617 2665 9962 7014 7898 7288 7978 8201 3357 36 7283 8089 4554
15 9847 4387 1564 2338 225 9392 249 4562 5651 8325 5754 5078 3934 7833 4996
15 3253 7889 3396 4666 5267 5088 388 4358 433 1953 3178 3771 7485 4700 8265
22 7070 2020 5034 1221 3783 7208 4990 3532 5835 163 3474 9479 4569 3379 7447 7408 9551 573 9391 1662 5248 2659
20 8950 8848 1313 5158 5043 8324 9070 5033 1197 2766 7857 412 3447 534 5747 2496 5549 8046 2564 1961
20 3167 6110 5554 4404 6357 7019 3624 2281 8293 6926 6262 288 5111 3884 6084 8114 6534 9215 6458 2813
13 563 5584 5170 1859 4907 4832 894 6906 5607 6555 8985 7450 8948
10 4071 2714 364 8961 4710 5681 420 2763 5325 5545
13 768 5716 2335 4807 6739 4652 7916 7762 2547 4301 9309 5051 5973
23 5018 3596 9733 4421 2497 7685 3057 4021 7041 178 4834 2397 3750 866 887 801 2739 1361 3306 5266 2488 7343 1230
18 8758 8040 8419 2787 3366 8665 8998 3765 3592 2024 5482 9946 2367 132 5774 8837 667 2814
10 8670 586 9333 1870 1519 1351 6091 3246 7214 5616
22 187 5808 206 4826 1627 4913 3258 7573 7422 463 8193 2808 5104 8669 3330 8754 6976 3727 6045 1958 759 8874
8 2917 5358 1177 9954 631 4861 7163 794
12 5970 7948 3413 7591 4448 3658 7981 4864 9200 6368 7138 5179
20 5324 7329 5507 9685 3680 1349 2355 1700 7078 5268 5249 7130 8680 3419 7514 1172 9808 5685 8648 6569
21 2061 55 8699 9874 2934 8795 348 3839 4105 1051 3547 7570 6604 8738 9422 291 6890 4010 6250 2862 3032
20 3607 7891 3512 7174 6251 5792 1104 8186 8428 4651 3141 8415 7798 139 6812 7970 1575 1336 9390 4759
16 4058 6735 7580 6689 5620 7628 9375 6744 5943 3376 1623 8625 8707 3576 4886 9545
17 700 7398 493 5892 378 2209 967 9143 2504 6863 7914 7405 6509 6690 2002 6448 5895
17 7929 864 9640 7668 1686 5866 1583 8585 6106 7627 6397 6126 7893 6759 7756 6445 1226
19 7561 2436 4980 2382 6537 2360 2702 3782 9361 6353 9571 9193 6286 6079 5585 1957 6760 869 5825
16 2883 2536 8902 8348 2817 9177 2290 5619 7194 3573 613 8907 3497 2795 9668 263
19 713 3575 1995 9696 4629 8506 5878 3924 3959 2396 3455 3916 1373 6432 6781 3189 3978 1147 5265
19 6663 2641 1869 7085 8042 92 595 8263 5770 9667 816 2851 5195 8234 9531 673 8716 5499 1573
17 6466 8736 9813 1843 5917 708 7274 8895 4168 9348 8336 6860 6918 532 5410 3762 321
18 6831 1874 8037 9265 1211 7764 3278 6581 3920 5035 1616 9414 6723 1881 1801 4383 4424 3857
16 8640 9864 6474 9538 552 3940 6243 2052 3593 958 2950 1094 3385 5828 8910 7742
13 8477 3608 7532 987 9240 1328 3494 7583 4754 9323 5707 140 2196
20 3549 8209 5748 6123 3058 2077 9628 1474 5014 7691 285 9150 5537 4265 1622 4765 3485 1076 2830 9123
16 9140 6558 1054 9757 8575 6647 286 1692 3173 2561 914 9431 888 5418 4599 8879
19 4948 6875 1233 4938 2900 3215 8493 1198 5041 3182 90 4903 5558 1885 735 1056 3084 4968 2410
20 2465 3651 5636 5663 1684 6638 9134 6589 8560 7697 8952 9734 9407 5785 1463 4936 5884 6817 5647 9766
14 3307 1024 7637 9251 7531 4915 6532 9437 7828 8685 7008 1972 6492 8582
10 7913 8803 8995 5457 1338 6808 2034 5083 1956 4987
11 5192 3358 8815 7788 2242 7838 1083 3728 3797 7537 626
15 7401 2123 4761 9579 7167 8366 9351 8986 3577 6666 7851 7526 8663 5599 3458
20 2519 3579 481 9804 1886 9889 2954 7334 4248 6953 6629 4978 72 1567 1719 2522 5840 5842 7374 8612
16 3371 2512 9744 9135 3326 254 8638 862 2373 518 5986 1933 2334 7185 6278 9600
17 8329 902 5285 5240 6526 5837 2790 4114 7689 561 9185 2721 3525 7517 625 1478 9993
15 9675 8376 2690 1272 2799 7386 2406 9729 5386 6678 8881 3337 2902 383 5939
23 6198 4307 9246 7373 2323 5853 4400 3165 1259 5569 1188 4085 4916 3610 7547 8576 1806 4118 5873 411 7044 3172 3064
20 9449 9030 3885 6538 1352 7068 4496 4893 689 5767 3406 1444 6347 7855 5333 7029 1242 8501 2421 8957
15 2316 2357 7372 2112 7043 7513 1045 8446 7231 8345 2854 1322 6400 1706 762
17 375 5990 9385 164 8191 6484 6885 319 6713 4964 6733 5396 2282 2331 3324 5434 8120
16 1040 1973 9234 7150 6391 6824 2978 7653 5921 9865 8409 6828 49 2671 9198 8350
15 1005 8739 3557 2551 8909 4884 9420 9157 6447 3300 7377 6869 3998 3248 702
19 1315 5387 209 7683 7492 8259 3795 2173 7822 8928 5329 9155 126 9533 2283 2083 4556 5443 6439
19 9550 8128 6584 3958 380 459 542 3496 9358 6396 8076 9616 850 4598 1360 479 3488 6177 1472
18 9752 6783 9405 2511 9297 9743 241 907 4274 1979 7006 3847 6774 6142 2965 6229 8276 3042
10 1135 4628 2137 9843 6823 2378 5916 9206 4269 2880
13 3578 9209 2661 81 387 9908 5992 2204 7932 4500 2888 9637 4490
12 3555 2788 8382 7226 1910 1294 990 7103 2541 8561 6311 3097
19 9976 7198 2566 7567 7193 646 2404 4327 7629 7501 6488 2765 5258 2733 5832 8322 9891 900 4649
18 4090 6135 5295 1863 9497 9809 659 7415 7900 576 7505 1786 1265 2267 2617 4492 8352 926
16 117 6002 2748 6307 2518 3453 7276 5914 4851 2344 1824 7541 9518 8202 6300 4049
18 9679 3758 5920 9492 7209 9897 2174 9584 6036 5664 4000 335 1919 2188 182 5407 9290 6919
17 6541 315 8915 6293 7633 7770 1679 6452 3913 8689 3878 6588 1648 1577 6099 3987 5408
22 9325 7512 2780 519 7277 6643 3098 9027 979 7754 924 5139 9239 7371 7852 5677 6867 7204 562 2914 6246 406
16 3855 627 3541 5347 7840 2984 2407 4566 1911 776 8565 2655 9174 3020 1191 4803
21 7952 7451 5887 2982 5375 826 2045 9288 1417 9644 4440 3323 5183 1989 7976 7400 1890 2469 4931 8636 3858
19 5300 4706 1010 2132 3477 3775 6237 2121 9322 9583 9269 6590 3074 7545 4081 3558 6606 9387 9472
15 837 7993 2147 1755 2732 2797 7812 9741 1199 5191 9428 2903 7706 9415 9999
19 2869 8021 3866 6645 9273 4398 2680 9300 6821 8492 9148 9181 4026 6791 5392 466 5037 2491 3402
23 8962 4537 5282 6856 8155 4986 4605 7445 4206 1330 536 4125 8291 3808 3010 9683 8753 1829 5588 7776 246 2628 8279
22 4637 6747 5307 2180 3949 461 2921 280 9368 1876 5929 5350 7675 6233 3716 9343 6489 4474 7509 3971 4778 4865
16 4150 8104 2973 7662 7808 2966 3509 1464 7007 261 213 7160 829 7688 1809 5865
18 5440 8711 2997 85 4503 9222 9912 8691 3561 5373 5097 8442 4082 158 6878 4488 5432 5202
16 3988 2006 4507 3398 3117 7466 7924 6146 6829 8381 8526 7979 5924 5095 9747 6507
17 1335 3257 5425 9951 1175 415 6593 121 9482 1368 3221 5597 7571 1615 4199 8384 2130
20 5885 3138 5090 1601 8173 7169 8851 857 4472 1822 2139 3078 1901 2215 162 1704 3407 1636 86 2322
22 5445 7180 4346 8713 7430 596 9681 8030 7558 6156 897 3372 6605 9919 4512 8015 1124 5546 1708 2301 5311 8106
16 6228 1734 1276 2036 7116 2927 6009 189 8494 5909 5778 1974 4122 706 5048 9461
20 622 2106 1218 3191 5428 7096 3609 1008 8148 8807 2945 1814 201 9488 7258 603 3835 5011 5449 5697
11 1833 7575 692 9542 6014 2257 7022 4271 7426 60 4054
18 6961 2791 4233 839 2333 5344 4776 8296 8603 1787 8741 6444 7260 28 2047 3312 4691 5848
18 29 1090 428 1201 7211 1324 5579 934 6161 4456 7164 6692 2003 5643 5788 9759 4077 2329
18 1664 1593 2495 8747 66 3315 8244 3689 9086 8317 7725 6568 4737 5784 4859 9690 9792 1547
12 2135 222 7704 1208 1840 2694 8593 125 8845 165 8222 5563
21 1097 1113 6450 9104 5303 9751 2187 6359 7873 2043 5610 3645 614 8360 5687 3587 4116 9719 2604 6693 9507
15 9216 9020 4352 5690 5803 2395 2867 6134 1736 2876 2202 2349 7395 3378 9940
18 9283 5359 8351 4705 8445 1181 4270 7176 5154 6281 4565 94 1155 2347 2625 6136 3349 8211
20 4842 4437 5377 3414 9537 8761 8956 3314 7680 2205 9643 8129 2943 7302 632 3730 6330 7348 1367 3880
19 7429 1438 8574 4830 9138 6579 5910 7594 1012 9785 6578 333 9725 5905 1730 2120 9005 4994 7154
18 4839 8024 9559 6550 6648 6407 4415 5372 6684 4473 7326 8299 4745 4187 7997 4542 302 5415
17 1888 6752 8588 1 8882 3439 9837 1584 4453 3404 9943 2772 2029 5144 5773 7219 8301
18 734 8566 284 2731 9262 6329 2652 711 3754 9474 5529 6996 6945 5980 1760 8036 7597 7673
11 9003 8302 3068 3614 5420 2995 1214 7625 9339 5224 7001
18 7119 8629 6327 381 6261 7730 353 2467 1924 5305 3186 5233 6318 4817 207 4284 4354 1951
16 4214 1852 6245 8187 9033 91 4497 397 9859 3075 4840 9727 6600 73 5874 170
20 7862 5860 5516 3319 607 6956 5405 9896 8562 2 3356 8169 7944 9506 471 2666 747 4702 3792 9517
19 6263 606 1860 5025 2896 531 8412 8164 4353 1603 8624 7538 4919 8476 9664 1764 7705 7391 8054
18 2986 400 5120 4602 1884 9737 5356 7474 8857 6363 8969 7897 6037 7473 6934 9590 644 1663
17 297 6924 41 57 7994 39 8502 612 6415 3241 3235 803 344 4240 9058 3652 2200
20 1978 328 3830 6316 6446 986 8094 6094 516 2086 2125 2956 3142 8248 6632 1258 6872 1938 5817 59
19 920 9137 9636 5107 4485 1250 3952 544 1392 8017 8872 836 4619 6289 4501 6154 2855 6621 1377
19 5341 2738 4255 483 9130 2930 8737 74 3731 4608 386 7265 5490 7973 6144 4783 9115 5752 4580
20 8703 6740 3073 7337 3190 7256 5701 1101 425 3997 9324 5532 7782 7238 2868 5946 8908 1837 4277 4750
18 3281 4414 1959 4855 3047 9037 7010 1458 9082 6389 112 5102 322 3000 5633 1540 2136 9711
21 5235 9852 3403 4733 330 9429 9564 369 9701 8746 6722 2452 8177 2189 4567 2433 2493 653 4751 6323 1929
18 6724 4143 499 6882 5105 8883 7262 6861 8549 7969 5339 6295 8012 5142 7359 2905 7112 3069
19 957 7082 2649 6023 7411 8101 3261 8644 3305 8160 7205 1781 7313 3844 858 5703 6335 1084 7133
16 445 3384 4863 4029 5409 6657 833 6883 5005 4407 8061 4201 1440 143 7950 6051
13 3693 6377 9716 8141 8427 4155 2816 7480 5820 2746 1825 5077 818
23 6807 3103 2899 4882 1223 2992 1630 8368 3636 7342 7197 5879 808 8126 9113 9091 8920 2582 4577 3002 4795 108 8123
20 8395 8518 9595 1372 1904 9450 832 2653 2667 2969 1248 7926 5470 184 262 4095 4484 944 4883 4186
18 2008 7357 8157 1777 3818 6066 4857 9221 5004 2756 6483 1187 5759 7358 5515 1467 7350 9811
18 2912 5572 326 8219 3051 9842 6698 9133 6197 5092 279 7016 3389 1691 1517 7744 2090 2243
20 5598 8323 435 849 2434 7278 2075 5481 4669 8974 6542 1566 3960 8972 3642 8180 5399 2764 2224 6433
18 3030 1625 6360 846 100 7448 1942 7516 2479 4899 2960 4459 8729 7721 9883 8053 3533 8171
16 3471 8449 1530 1518 2686 4403 97 4561 7935 2501 9798 9958 8944 8230 5551 7795
19 4525 6150 3991 1580 3807 9410 1436 5009 599 4224 4055 8748 7100 8060 5850 9398 5657 1619 5855
19 8102 4200 7446 3116 1152 1738 1168 2515 4117 6451 399 1029 7743 53 3437 7345 5346 6417 9714
22 8840 9851 6711 9625 6652 8379 9539 9440 2156 6683 3428 1761 6556 5274 619 5966 5789 6564 4288 1813 1653 2770
23 1900 9402 5771 6634 665 8367 9165 993 1768 3421 2958 215 5768 8289 7529 4647 4322 2974 2342 7739 1452 7568 8480
17 268 8792 2056 529 6280 8860 9028 1282 7142 5292 6486 2237 1811 269 7489 6434 8377
20 4495 2426 6473 6356 739 7479 374 7778 4675 6423 3212 4993 1727 363 4945 2750 1185 2886 2280 6111
13 3149 6877 5562 7361 4892 3556 3776 4442 1025 3318 7518 6291 5538
11 2949 3197 4661 95 7434 8188 6476 2948 7414 2909 8253
16 8342 271 4875 8940 6989 5298 3085 3597 5314 4620 7549 1535 2199 6230 8389 669
15 5649 98 4065 365 6203 7220 7790 4694 253 3452 4182 3063 3274 8216 9650
17 1543 1605 7355 9694 4499 2218 8749 1125 8068 500 6675 4222 3171 7589 6096 5854 3969
17 84 1323 2118 9575 5352 6380 1725 7562 1531 7967 4012 7106 974 9699 1238 5834 6112
23 7928 8290 9631 4250 3112 8338 4880 4958 2377 2108 9566 9438 3450 7624 695 257 855 8776 63 5115 8714 6701 6148
21 2941 4223 7975 8464 9171 3194 7941 2220 1292 9056 304 7125 5568 3481 4023 6623 4680 4129 7083 5003 7783
17 8204 5500 9586 9182 9678 1453 649 4871 8339 8916 5379 7195 752 3019 1380 296 5312
24 6277 3640 2657 8146 7323 9018 7847 1511 514 3657 7817 5708 6085 3351 7076 3446 8567 1611 8162 9404 2725 5435 1966 7641
18 1735 9768 6255 4782 7922 9710 6618 4944 6838 5176 9337 5220 227 4900 4151 5127 8923 7441
19 2720 3826 9012 2537 3615 3721 7746 4045 8809 9230 7507 3962 6117 1851 496 9253 7946 443 2508
14 7640 7846 4299 3594 3338 3981 2612 6235 8475 9862 1131 9432 4324 3665
20 9514 3311 3603 8093 6173 4300 8220 5824 2023 7542 8450 6743 7363 6776 9423 2091 7144 3464 3422 3185
18 5381 5654 7499 318 3732 4017 244 5764 4426 6622 2991 2371 548 8684 5867 5735 6461 1247
19 9979 2928 1640 4376 208 3169 9424 8820 6806 670 4212 6790 3820 8859 4401 2210 12 3984 9476
16 9409 4260 8224 9654 5948 4659 8151 1721 2191 2478 3628 8971 1249 4215 5776 2152
11 6321 8316 8125 5527 9247 2437 859 4925 9076 4363 4273
16 3743 7346 4744 3905 6292 6712 2109 6105 8931 3004 5542 1244 2692 9676 3522 2408
13 9581 1689 2783 3036 6480 9652 6345 384 3387 8041 3911 7888 2287
16 1269 2957 4482 2464 9242 9195 4756 7604 8510 6793 6366 5032 4810 1089 3243 4181
16 6039 6336 3270 674 6850 1946 8074 6655 547 4461 4946 7670 5989 7989 7951 8850
20 8520 2293 8434 3022 6580 4888 2330 3854 4266 2154 103 6137 7385 968 7449 451 3153 8769 4275 3928
16 3457 5487 212 32 5433 4636 2630 3293 6679 309 7844 8333 3627 1288 6715 1261
21 8728 8310 2742 7557 3370 7785 9035 2386 9151 4594 1539 2863 4073 4789 5925 941 9825 8885 6889 2073 616
17 4687 2520 3263 9613 2126 1110 4491 2393 9299 889 809 5320 5270 6651 5190 1285 2839
18 9707 817 3779 1503 4101 4854 9132 458 2760 4235 5019 8927 8084 8634 3944 7290 797 4695
16 580 5721 2031 671 4639 7216 4971 4802 5016 4454 2685 7168 2195 6592 8762 4909
13 6649 5332 9812 2565 4314 4272 8153 7012 7396 7736 4983 1403 7228
16 61 3029 6420 5351 1693 7191 7037 1871 5385 6773 6490 1906 8117 925 446 9454
19 4788 8774 7243 5719 1835 3524 3228 130 1428 7781 5309 4280 8651 8443 1574 4108 5926 8372 5046
21 5161 1100 9045 4016 5783 3842 881 883 5630 3574 8775 6043 8822 5595 3109 6022 1507 9887 2219 5055 4374
24 6456 8073 19 4618 1508 6493 645 7118 4213 8505 1470 2513 6619 9541 6697 4684 5448 1548 3217 418 9953 3914 4203 4962
12 8179 3817 1778 3874 1461 5801 4626 5007 478 7771 7959 2100
19 6815 4693 9011 7787 4139 292 9647 7515 1643 4634 1709 1383 999 1171 727 5594 1333 8321 4901
15 7877 5510 5541 782 4493 1098 4113 350 1034 2365 2615 8964 955 4242 7111
20 7799 9691 8410 3220 2585 2394 3785 1710 8109 5301 9998 9917 8673 9674 331 3144 7027 4422 7836 7586
21 489 7287 9316 975 7172 9819 7636 252 3843 5099 8918 4009 4190 6995 3383 5492 1404 3162 390 8371 7042
19 5299 1609 9965 7874 9620 2207 4806 2527 5684 4550 9330 6495 7832 5456 609 1987 1658 2321 4790
16 8184 3616 6985 6270 2368 9639 6775 4457 2861 8199 5696 2858 9465 2170 7166 8001
19 8420 3104 3108 1685 5695 5576 6331 9980 9208 2804 5670 4487 9880 9448 8839 2223 7696 2836 8131
22 3025 3160 825 4613 8110 2706 9553 8511 8926 2438 678 4988 6846 9835 7175 2226 3581 8235 8943 8674 1293 9334
14 6424 5698 6409 4940 4366 4965 4824 1499 1253 7995 8704 5609 6616 8941
14 5245 3291 7339 272 4330 9444 3234 6175 1329 192 2069 2490 2594 8463
21 6160 8277 1908 9144 5662 9604 7315 2035 7564 408 6436 356 7071 4738 5438 8455 9271 2080 9467 8980 638
14 585 945 4836 7745 691 9264 5725 5864 414 6249 1007 1379 7606 2221
14 1866 3849 3632 9179 6247 4433 2882 467 9870 7032 7056 5791 8666 9916
7 3692 3202 4671 7954 8717 3781 1718
19 2571 7156 6669 4558 1430 5238 7984 2206 4734 67 26 2785 2336 9895 5800 4726 1952 5362 6613
15 3869 1637 7347 1348 819 2595 1882 2646 7925 9204 9201 2575 3273 1350 5225
18 1993 3329 6265 4405 8595 7187 2989 7389 8721 9498 5810 5506 9587 1798 8467 7437 4451 2618
18 9523 4511 3490 856 2831 2240 5123 9724 4539 283 3359 7095 5893 2929 6933 4918 587 3664
15 9901 3891 9815 1102 3759 715 1790 2645 274 1649 1749 9119 7992 6477 5606
16 7911 8715 5699 6742 4953 5557 9849 2713 7560 4535 2567 577 3151 1895 5836 3014
20 9411 6851 1200 3915 4481 3196 842 9062 1220 716 4722 2614 1337 5216 186 5805 5463 6010 1086 7565
13 1563 2261 2937 2076 379 3135 8841 8810 3091 9599 3945 7824 3286
18 2356 8458 2074 2639 7232 2105 3205 1872 4564 5134 6187 1291 7328 7299 2487 5555 1726 4641
19 24 6361 9087 6125 9042 2919 6805 1480 6909 9789 1448 8705 22 4578 8829 5570 7390 3184 8044
15 7229 7428 7463 3816 9002 6809 8652 2415 5394 4582 2364 9293 9211 4672 763
22 4066 4170 3462 3921 5027 6729 9742 4441 2568 6898 2535 8621 4890 7734 7723 2545 8905 4192 8269 5683 2238 5543
15 6965 6004 3475 9064 6133 969 3507 4198 6469 3448 4524 1268 6792 3787 6258
19 610 3951 720 6567 1491 5830 3623 8687 7726 3757 8764 7090 8387 8045 4719 7264 1694 8195 7017
27 7318 273 5517 7602 8856 6398 4595 4331 2260 5915 6067 3476 8688 3339 2850 3674 3912 5984 8280 7652 110 7089 642 5673 2114 5368 9024
18 423 4583 6200 9511 9419 5287 6737 8266 9379 4060 6505 9967 1068 3598 6214 2318 5130 3480
15 6633 9974 8207 7934 7535 9248 6999 4685 2345 1753 8569 5217 2894 7157 6349
24 6706 9626 5746 8254 7190 3993 6570 4872 508 1896 7370 9882 4787 7940 1832 3237 2911 3517 9932 9063 7487 1398 9168 3863
11 2774 6786 8462 4920 2212 9591 3809 1698 2113 3335 4951
20 5086 7210 6536 7686 7732 9900 7301 1476 1875 8460 6459 3484 7974 6628 8196 9034 3427 1868 1898 7714
17 8675 3170 3017 6498 5135 8523 1412 2875 6905 1203 6708 1411 6525 6691 2050 9898 9484
11 9291 7319 3544 9164 9457 2857 2842 890 7949 7809 5753
17 8175 789 5769 6836 210 1733 4063 7503 4773 5353 3277 4902 3700 205 6992 4193 9642
20 9187 9306 2963 2881 5060 5818 6601 6639 7933 2525 5700 395 8383 134 1289 2101 9088 8949 7215 5504
16 8509 3176 1206 7271 5211 9879 8524 9250 5068 1446 5277 9893 7980 9013 4308 1210
18 4586 3024 5829 8681 9944 908 3031 151 9142 4881 5357 1618 8392 6626 4005 8607 1254 1134
15 4644 439 266 7246 767 3895 8662 5411 6231 7094 3777 3955 6611 8913 906
17 2327 3572 9633 4020 4615 6893 9263 2477 6056 7796 7879 9456 2027 4581 1927 1149 9909
17 4098 2915 4207 8059 572 853 3393 1016 543 6171 1058 3076 8417 3094 8802 8441 7123
19 7040 5875 150 640 8035 2884 1455 230 5278 9043 5565 3979 50 4732 347 5414 2529 9775 1758
17 6694 513 7867 7152 403 115 485 1004 7392 3137 6176 8362 5950 7431 6401 6844 6955
18 219 8426 6718 172 7034 6024 9320 1143 1857 6174 4960 5119 2255 6166 6419 3254 5439 9614
8 2176 8598 1720 4898 1375 9756 7054 8251
14 1815 3424 7666 8653 2776 5642 8228 5279 3086 6328 1712 2962 6895 4683
20 3008 9666 8536 3420 4024 4119 7715 2164 5959 6857 7587 5061 9848 1370 2752 1661 652 7977 635 3812
20 5222 3430 5212 8772 9118 8973 6946 4449 1612 4718 8649 4312 7189 8828 2824 3192 8942 5644 5150 5125
14 8271 8213 873 1193 1981 4777 6083 9978 6124 2647 9942 2094 401 8008
22 9670 892 8448 4658 9799 1902 3784 1985 4989 4062 3498 2417 7440 434 2087 4571 1925 8005 5775 5272 4185 3589
18 2944 8573 3199 8955 5815 6163 5526 2192 1810 5094 2532 3399 7292 2269 1156 2165 9781 3838
19 8708 2079 3129 6430 7912 2291 3622 8018 1504 9001 1071 6940 1382 6847 4341 1526 8451 9876 8098
9 3321 9687 3470 6617 8048 6524 7126 5264 9608
10 3647 6301 1395 2144 2354 6315 4640 4676 7540 1479
16 8564 6916 7927 1186 4643 7239 777 1317 4682 256 9080 9489 3872 58 3780 9753
14 7716 5692 9029 1976 983 45 885 4760 4813 131 56 6533 6271 2117
17 113 7585 3105 3114 1845 9394 454 133 8755 4032 4597 8252 2555 4612 9580 9061 9430
20 6913 6804 6922 4291 102 5913 9408 3974 2025 3295 5559 17 2749 9009 9122 4239 8066 8934 8654 8022
18 6607 4194 3050 7883 2626 5228 896 4344 3901 6218 7987 3767 6545 1103 8818 1788 3224 4332
17 3168 9412 1655 5779 8546 8871 6211 3282 1988 8997 8197 5796 8522 9308 8124 9567 1082
20 5902 9191 7574 267 9202 9972 120 6367 7508 1638 2498 3201 8958 7500 6145 460 2704 7416 1576 3569
16 1724 4084 3605 152 2781 1746 8667 1748 5210 7132 6226 7155 2222 1703 1495 1115
20 5402 2143 7255 2235 9602 5601 127 2924 4879 847 2179 9987 6810 1416 6528 6510 1385 2689 4841 5896
19 7965 9649 9698 4815 9795 611 657 4227 9478 6253 3501 3536 2389 2097 3125 68 2450 2103 2492
21 2507 7117 5757 3445 6078 8272 352 5256 6437 2841 3127 1420 5122 1277 2719 6530 6464 1744 6193 6007 3571
17 5343 7779 7498 880 5259 3011 9877 7839 5524 7439 1397 7170 4392 6273 7702 8594 5629
18 3667 1674 7102 4409 1487 1062 2115 402 6064 8067 9480 7137 1606 3223 7084 4766 6317 9129
23 3156 1305 1406 8559 8309 4959 8425 5511 3701 9127 2753 6902 7592 2557 1741 453 3660 8347 9807 7765 960 6046 5159
20 7088 3989 9109 2304 1182 5260 9167 6378 4044 1905 2068 195 6667 2038 4961 4757 2307 5942 6685 9317
15 8587 5466 4048 8743 1308 276 2563 5421 701 7327 4438 764 2993 1207 20
16 6418 6155 933 753 6896 64 1246 2459 8349 6194 6394 9203 3886 7964 9499 7825
21 2278 4601 5710 7876 8085 8937 6196 6784 2810 7316 2229 7750 9884 4688 581 1358 7892 9243 4180 5269 690
15 8406 7104 8784 5602 922 9199 8981 8780 6680 1818 3503 2569 5745 7349 5404
17 6900 7677 1260 3537 4930 1081 2270 938 6240 5587 4237 5877 5468 574 8658 7938 7996
18 6767 1251 9105 5234 5036 4034 9928 377 7659 7062 964 4740 2010 5118 3350 7307 7035 9396
12 6044 6239 5732 5263 9475 3290 4588 2454 9069 1128 8282 1306
21 672 8557 1524 8991 9341 8521 709 106 4937 3079 800 6552 2358 4681 3244 9730 5401 2475 9217 2096 3712
12 2531 6068 9830 9657 992 5952 6659 5567 8159 6223 8553 9960
7 7141 2736 160 4991 1202 1095 5398
16 2432 7108 4656 8403 4664 8800 4853 3710 2835 3154 1145 1229 3927 8497 9257 1327
20 1879 8892 951 697 9527 6313 4858 2122 2636 3595 4188 1740 6429 1632 4917 1732 1161 3922 3417 3218
11 8086 8370 2440 7579 3482 2388 1391 2898 3799 6140 7909
15 8189 457 7690 9610 8353 3685 9106 8819 3150 149 3331 9732 6049 2822 8226
15 2828 9495 4088 9872 7548 494 8500 6769 2268 7046 3397 2500 605 2815 910
16 1794 7224 4228 3054 5660 1943 5323 2693 3902 771 5000 5286 3048 7481 4530 4156
20 7849 2576 3601 2399 5668 5187 9576 105 5074 3432 1073 9244 9389 1950 9791 5927 79 1120 3238 6750
16 7861 9393 1013 3821 5621 9068 6672 4147 1861 4106 5284 5705 8457 9745 410 5937
17 6269 2230 7000 8831 1281 3122 8014 9328 4856 8307 8725 9780 4419 5177 51 2064 7751
19 6843 3976 3066 5627 2059 2745 1523 5031 2977 2213 7552 3630 7201 2317 2638 4670 7300 7268 7496
11 3410 2523 4107 233 9366 3980 1321 3131 8132 9648 2055
19 7709 6159 168 9634 761 8785 867 5635 1501 1516 4715 2687 3158 3226 1127 6358 7869 2786 5230
19 88 7612 1142 1628 6034 2771 2635 5374 5514 3211 4357 8692 9709 9470 7720 4923 9715 1542 2326
15 1332 6304 3083 6503 2654 7805 6426 3007 1819 6325 6055 5930 9279 4812 6782
16 4475 6780 7379 6346 7066 5076 6566 736 6785 8107 8875 416 4287 6770 8861 3264
8 7064 9274 4686 3936 226 9178 2098 8363
19 5406 4648 4720 4957 751 9645 2314 5160 6757 5451 7749 6728 495 7800 9663 7261 6573 1454 6494
17 6912 7884 6089 3247 1299 1934 8960 8108 7454 5349 4579 336 7559 5459 3931 316 4013
16 8787 9503 6186 6438 1245 4713 5679 4625 1065 7099 3214 2672 8558 6355 6991 8163
18 3697 6168 655 1792 2952 7162 5962 7794 2901 2375 7091 4809 8270 2524 6577 8619 1301 1055
20 4536 3564 5424 6208 2651 5628 930 5847 30 8904 3 2340 875 8286 7336 9413 9145 7039 5760 2208
16 6656 661 6942 5156 2171 4293 1466 6059 1236 5575 4097 5741 503 1347 9439 1064
13 1227 5881 6206 1326 6927 5838 9655 4838 8734 7038 1848 7611 1473
12 7293 2711 9286 8192 8050 8461 3834 1274 522 8238 4197 7356
19 2324 9267 7471 290 3119 5366 886 3621 7488 3672 639 4997 1743 5793 3662 6624 5207 1060 7223
16 5971 8203 3717 6454 4318 7665 3434 6178 9607 8906 7966 9966 9126 1437 8386 5198
18 6662 608 601 2999 8742 159 3062 3648 4638 7793 2063 4878 1926 2256 3926 1484 7052 2457
20 1447 6741 3200 8791 4585 3802 8530 3746 1302 5709 2607 3454 4985 3152 4076 8623 3954 3837 4310 3110
17 3333 5049 1997 1949 8806 8869 2054 1639 9826 2994 1770 5257 571 9443 8515 9184 9536
24 1194 5017 506 1496 2160 2640 4819 7920 5519 7502 8470 2955 6130 3521 5645 743 7767 3287 3734 3035 2185 840 391 1006
16 2296 3461 2717 3429 7045 2272 8027 2740 8532 748 5022 6732 5423 5024 758 4955
18 4059 5491 2539 5535 3740 1239 5008 1431 2631 2325 5002 5739 787 1205 8723 3950 3637 224
16 6529 4184 448 9477 9923 7425 8058 7872 6406 1310 4982 815 1174 9905 1085 6717
18 1883 4635 4064 3666 4205 7309 8953 9810 357 6609 4746 7886 7875 9258 7660 2361 845 1038
19 7455 3865 4285 9464 6967 1109 9284 7727 7149 7021 1850 8010 2871 6661 5940 3899 3626 5688 2540
16 7711 5954 6771 8194 4798 6491 6268 4921 8661 9162 6754 6267 7295 2372 265 7813
13 8965 9364 8486 6179 1096 9983 5042 1624 1682 4573 5531 5659 8898
20 6794 4624 9207 3840 4050 9832 7477 1325 9496 1930 484 3449 6891 6947 4678 3175 299 1641 4350 5841
20 9820 8978 8823 1460 6886 6422 6082 3465 8312 5188 7384 9085 8344 7797 4505 5397 3206 7681 8891 4319
17 3049 7768 5712 895 7203 9458 5995 1541 7865 3039 1772 450 1678 4425 3889 9555 4057
19 3708 5422 8876 4792 2556 7998 5026 5880 4251 5157 3545 2980 4650 2022 7639 932 3644 5798 795
19 7140 1697 6128 6141 4709 9054 275 9006 3416 4217 4218 3195 6224 570 3303 4458 792 9196 8078
20 9305 2942 6192 3602 3565 1222 8112 5766 5169 1117 2057 7610 4460 7461 9017 9059 6310 6964 9931 8139
17 3655 9469 780 5539 7882 444 1309 8051 10 5640 2611 154 8221 5109 2258 3633 5244
13 7186 554 2642 7097 9684 546 636 4378 5389 9083 5589 3890 8838
21 4877 7546 7312 8796 8609 5116 9228 8103 2874 2104 8650 3893 171 6948 4674 1621 5084 7181 6700 5596 4047
21 3546 6455 2605 5756 422 4256 8984 5632 5302 4470 2990 449 3013 4513 3087 44 9332 2182 204 5978 939
19 3245 200 615 7380 8118 6026 8695 8245 255 5911 2947 3242 4831 5288 5938 404 5961 5806 1408
20 2589 7406 4225 830 2140 4171 46 8990 3896 5941 6306 1714 1964 7419 4514 2860 8633 3275 176 9918
20 7810 4112 9485 3906 6814 3124 7642 1521 1947 8547 7672 8250 5728 7063 3935 6351 8405 9854 4728 6080
16 8029 3368 1252 6705 6272 9948 294 1048 6674 5804 5072 9597 9786 1092 995 3543
20 9046 5890 5955 4396 9769 5069 5724 4195 40 1393 8627 6779 9490 4805 7352 4053 6687 4416 1731 2312
22 741 5744 4742 2904 1550 4867 3433 7729 4714 6386 202 8140 9816 1342 1167 8966 2650 9099 6731 4399 2908 2276
14 6654 1588 7196 3227 7221 8843 4533 5958 7819 5484 3296 6766 8866 5536
19 6189 8548 9382 2916 8529 4696 821 5550 9823 3761 2037 7615 4614 7121 7780 6487 8454 8152 7881
19 1414 4164 8816 2784 9116 6216 4593 1862 8257 6925 698 238 7520 3412 7128 3440 9794 3322 9025
18 5304 9544 9890 1111 8176 6013 8413 4667 3443 3115 9593 3856 9350 9605 5215 5454 3604 5348
18 3527 7475 3317 8133 2250 4645 8378 6279 3946 929 2621 3714 7192 528 1894 4298 2145 70
21 6502 1528 9282 5626 6703 3493 4966 6716 3155 8987 1715 2580 3299 361 7388 2616 7623 2865 3126 5592 9354
17 9166 1421 656 8298 175 4584 6963 4219 2837 4316 9661 3917 2579 8880 3415 1935 144
24 4894 372 4056 4455 3833 3459 633 6283 147 2065 3851 281 8550 3948 7368 5419 1836 287 1157 2005 1158 899 6944 9311
14 8783 2975 1830 2570 9180 9561 6460 4406 7483 7753 7105 3504 4445 6073
19 6139 3773 2305 8682 6425 2033 1311 8542 9950 5101 7866 9758 733 1670 4952 705 4315 7834 5547
13 8489 7188 3092 9680 4245 9546 3530 4866 6610 1216 2253 4296 4338
19 5227 874 1527 6710 2041 7092 5050 704 2602 5221 8218 909 5512 7354 1696 2895 75 5676 6019
19 1838 9556 989 984 4326 7907 4775 4784 8097 5023 537 7177 3982 2873 3198 4548 9007 8411 5944
19 8149 965 802 9345 8637 3778 9516 4689 1656 1590 1690 4631 2728 681 270 9525 148 8865 9776
22 541 8586 4080 6392 9949 1256 8782 1069 2846 7407 7806 2051 9163 7646 8676 3523 1270 1858 8100 2252 1680 2610
19 567 5369 7236 4410 7494 4607 560 9156 3469 3285 7620 8400 366 9955 589 8215 2987 648 2794
16 696 1002 5702 1297 8416 5163 6880 243 198 5319 6586 971 1374 913 2961 3346
15 477 1363 9562 8034 5674 8970 6344 9624 1688 9706 4950 2553 784 3492 2273
18 7435 5189 9926 9735 7595 9963 8798 4343 5556 5956 5722 7124 5128 8354 7332 2131 7087 6093
13 5218 8274 6220 6825 2453 5219 2796 3163 4165 4252 504 2251 7985
15 1228 3362 7145 9000 7755 9534 512 6707 1262 2517 2953 9885 9971 662 4568
21 666 1634 9981 2673 4089 4046 9881 1598 2938 5155 2526 8516 3763 6928 3344 7 7241 1419 4189 980 181
22 1407 6164 5112 8554 3786 2409 4862 3099 8288 21 4590 4067 7582 5326 5110 1107 5015 4545 4896 8797 8138 1823
20 7864 3910 5957 3542 7253 7263 7761 4397 6103 9141 2042 6167 2308 4254 1483 630 4303 3819 431 9796
14 6485 4575 199 4137 5453 9276 3770 8243 3646 1779 1791 1255 7259 1140
18 3147 7710 2696 3345 2558 8401 4019 1591 9460 3511 3353 7930 5030 2046 8398 5395 2138 2658
16 3918 5006 69 4869 5656 7682 1937 1429 6319 4912 1035 8846 4142 6302 8429 2169
17 8932 4935 498 1977 4541 1494 5100 5021 3963 8268 3213 6006 8006 9501 3932 6032 1510
16 3249 6756 6069 9190 6182 5241 8617 584 8540 4547 9863 9708 3132 4402 5544 8311
18 7687 4910 5777 6764 313 2505 1595 1716 6114 2506 3045 3567 2405 9066 3240 2878 2550 3860
18 4984 2401 6413 2181 2217 643 3862 9074 5062 5180 594 1183 2028 9041 1928 8364 5460 9938
15 1384 8832 935 1079 8555 4384 4699 3829 2359 7871 745 3711 7519 9850 5476
14 9090 4630 9254 5012 6512 4477 7829 3751 1296 556 2158 8340 8503 5273
18 3276 530 4246 6000 3789 1355 300 9975 7081 1820 538 153 1072 4144 7240 9726 1645 4348
16 2297 135 3038 1232 177 6374 7679 8760 7842 77 4621 6990 6988 5162 1043 5047
16 1170 368 6848 5073 6047 7024 731 6543 6841 781 1091 3033 3698 5894 729 1677
18 6695 6884 4673 2967 354 2044 9836 52 959 8976 8811 3613 525 3801 5412 1552 7310 9577
16 5615 442 4202 1647 3232 3867 2264 7918 5364 7521 2708 628 2727 7878 6993 8543
13 5335 7114 4794 9252 806 6798 5271 6219 3684 8900 9294 8091 6853
18 961 2838 6765 3566 2245 1968 1415 7724 8659 2309 8004 5561 124 1049 5797 9922 107 5988
20 157 2026 533 4297 6969 3970 4617 6962 8099 9783 1130 9331 7820 4262 3897 3563 8611 2353 7281 3656
22 1492 3239 4848 3585 7382 4372 7534 7830 953 5247 6682 7340 8812 3059 8744 8781 4922 7074 7079 2606 4018 6997
13 4873 6053 854 4123 4828 2246 8105 3635 7584 4015 9875 6631 325
18 3005 1121 3875 6352 3502 6274 9632 2048 4014 793 8646 7599 4102 3001 5726 7059 2821 5361
15 3409 7638 6475 3879 1762 9731 3798 1561 3550 3256 2936 7233 6761 5964 8519
18 7028 9255 3375 982 141 7769 2315 2319 5694 7939 2700 9755 3956 3301 1506 7676 8613 295
21 3294 5213 8786 5182 2577 8671 6062 193 1532 4211 6104 4518 517 3841 2789 1164 4333 651 746 4729 455
14 6404 7314 9702 6597 9089 4086 7566 6820 7497 3519 2968 4041 4540 7049
18 190 4196 7870 7442 1913 7135 4130 5310 8645 7080 2370 6830 1011 8778 7244 8765 4563 4446
15 3236 9627 9705 3583 4764 871 8038 1396 4075 684 2499 4926 2976 3836 557
10 3540 3947 3193 3070 3328 7651 8242 9049 3612 8210
19 1784 277 8285 5054 3435 1631 7344 5070 4074 714 4464 2294 185 2149 8365 526 1173 3041 8185
10 6745 2856 2470 7282 2866 5010 6065 2554 1052 8789
14 1512 3510 4657 161 2362 949 2972 9592 936 5117 4963 4191 6520 7335
19 2233 3334 4141 8642 1509 3904 4163 8026 1907 3661 129 6372 6227 1462 9067 4531 757 4160 2818
16 9935 6951 2425 1386 5593 9357 6907 3269 4486 2175 7018 7853 8436 3431 1426 7968
17 2166 730 35 1215 5994 9268 5040 4263 6184 3568 6763 2004 5947 9455 4600 421 3107
