25 2139 6687 1139 434 5 1093 1898 2281 5070 7082 5791 2188 3464 8796 6539 4043 599 8525 3933 4000 8576 6577 9774 4881 4188
24 3060 6347 3316 1608 289 6267 2247 8441 8123 8067 39 4930 1838 8908 7676 2700 763 7669 2363 1583 6717 8305 7921 4014
24 8980 6683 6416 1325 8250 7087 0 2207 8877 2122 3284 863 920 112 5464 9758 9386 7736 9036 4108 6356 2959 824 7215
23 8450 4246 7611 8906 238 1300 4356 5278 7610 7400 9222 9672 278 8221 6050 326 853 5363 9514 4008 7050 6496 5240
24 1711 2864 6819 4777 3851 5949 1342 4444 2558 8878 9372 5367 7146 6698 8029 355 2827 129 7892 4783 4877 6798 2556 6164
23 9861 1125 4503 540 9752 35 9892 1121 1218 7706 5352 6182 1530 6350 2309 1286 5111 7913 4426 692 6153 8743 2296
24 1134 4303 4944 1863 2036 1996 2853 9531 2230 3606 8665 8925 5346 1173 7273 8537 9199 6144 6774 7618 6921 4998 9873 960
24 1566 994 8134 9559 375 3667 4642 5861 9420 6191 4612 8334 5727 4328 716 4842 7959 4234 8287 464 1626 5526 1150 5044
24 6812 159 4507 2756 5868 3443 5759 5496 5397 4687 8448 7884 1461 938 1117 6526 7634 4102 5221 9886 2567 6266 2530 6632
26 5634 3171 1205 4529 8530 2167 7467 1836 2722 1349 2502 9365 9207 1866 7514 6180 6487 7083 3809 6116 506 4505 344 6377 4556 4821
24 3516 4960 1062 3312 3612 7723 6622 3651 4889 7815 5404 8722 6006 5519 2692 9998 5778 8600 4283 9508 9667 4682 578 6055
24 7678 7606 4660 4046 6211 6427 6274 565 8215 9092 7701 2730 6846 9264 9624 3621 165 3413 9167 8535 4973 8891 5551 1154
24 6975 3765 477 3898 4156 7406 3203 2039 9548 1908 5905 3806 1413 1828 4541 2112 1356 3538 2025 8522 2088 4353 7747 8392
24 5254 7639 7329 3268 304 1203 9380 1602 2909 6862 6763 9844 3096 9400 4406 7635 97 7497 4569 3713 8736 990 7004 711
25 4904 8057 839 9685 6275 5783 3205 6218 8728 7131 1389 9287 5075 2125 2245 840 9693 1234 770 2437 3459 6360 3072 2213 8799
26 9141 1512 68 3682 9484 8072 3479 9437 980 400 5592 8106 4382 8378 6453 4525 5692 7373 2361 8998 4810 1841 4798 4841 6960 5674
24 2234 6096 6671 3302 4415 6123 2608 8423 4577 83 1172 3695 2204 8095 4740 3088 7070 4216 6467 8690 9759 796 1739 5486
24 7245 5388 1816 6925 1123 9831 3079 243 5012 4130 4565 2977 1308 5268 8028 4299 6691 7548 8411 8902 4367 5398 7965 7187
24 5266 8948 5914 3762 5102 9242 2591 6764 4289 4822 7188 7247 5720 5971 3869 4305 8403 1775 708 6911 2257 3173 7362 7577
27 2758 9692 9756 2042 931 3992 792 5784 8876 3229 4168 8691 1761 1706 8610 5880 4404 4786 8930 6855 6771 3948 2094 717 9615 6598 4361
24 6198 9718 8027 6910 1923 9961 2674 1477 3648 7727 4914 9458 5606 982 4496 4752 2665 8212 4537 2978 2990 3734 3279 3375
25 389 8121 8286 5696 7485 6826 5424 7111 7304 6033 5249 3368 5072 6594 505 2420 8098 410 1481 2884 3661 5937 2789 9410 2338
24 8172 6488 8781 9039 879 7637 8454 3882 6708 881 527 1483 8341 7200 461 6958 3217 7269 3002 9342 6415 8272 6542 7652
24 2600 3782 1140 5566 1515 6566 174 4831 4489 6648 403 5993 1137 131 7591 4187 1296 6194 7902 6335 7705 5678 5897 85
25 3425 1942 6151 7351 6504 473 4452 8904 59 7873 7990 4090 1517 2951 4557 8233 3967 3924 298 4741 8247 617 1345 3159 2894
24 493 9443 9202 2140 4573 7327 9477 3430 1039 1228 5661 2354 4157 9598 5806 7879 7956 2002 8326 5232 7152 8228 6810 2436
26 3883 2223 2297 2005 3259 8663 8050 1322 530 9126 2100 8824 2589 4633 5978 5187 6387 4894 9234 5339 9101 3800 4811 6442 5204 3048
24 9053 9157 8565 1745 6876 2710 6295 3780 8238 2735 3817 9311 3054 1054 8139 5150 9473 5563 8136 2336 5764 516 9580 8096
24 4611 6897 9075 8130 2352 8006 5396 3234 7816 6997 781 580 6220 2341 440 1563 9105 2102 5155 5677 8979 9748 2810 4111
26 2717 746 8835 7120 2479 9678 8201 380 8476 2011 223 9464 8489 1122 6353 6739 6685 7535 3200 7445 7354 79 5092 3589 2957 7502
25 820 5673 1956 1410 3702 6554 5228 1149 6572 7257 4290 1303 5761 1353 2979 7500 1845 1116 959 4462 732 4984 4197 2969 9255
25 835 3039 1191 271 2195 9777 4703 8553 5510 4679 2052 3174 3251 7035 9570 8837 6120 9801 1755 5824 8836 8533 1263 9829 7471
23 1666 4922 7496 5387 2841 8726 6446 7931 6697 9704 5063 7298 3896 7898 2299 7262 1394 9638 3699 8542 5907 2273 6806
25 5604 7297 6888 7724 663 4304 9864 1306 6515 546 4212 6486 1135 4340 1495 2754 9944 7819 9013 3910 2095 7090 8978 2007 849
26 2922 9740 8170 1051 1855 9856 2774 5301 5189 4657 6510 1176 1103 318 2110 481 6528 179 6095 6259 3572 1479 7413 6762 4256 2149
24 9151 3704 8952 8829 6283 6379 6128 5739 1304 8917 7267 8512 376 2006 9276 7231 3773 3357 3980 8739 1951 2275 2915 5470
24 7849 8502 9942 6493 8471 7022 2136 7693 5121 2474 5913 7290 99 2714 324 9144 122 4013 2597 818 2712 2380 9404 8694
25 6507 7175 5938 6459 684 1854 2499 1310 5793 2120 3246 5230 2872 7221 285 1823 1561 6165 2934 3586 2360 8708 4981 8784 8805
25 6261 2847 9131 6407 9625 5351 6652 5757 1980 3315 5441 9694 2540 1736 9717 500 1180 6196 1628 4681 2203 8582 119 5681 2103
23 5832 9589 6664 5171 2218 3300 3192 1519 6225 8755 3136 5379 4080 6617 3276 4670 8405 7687 2177 2862 6074 6149 9958
23 6430 2765 7251 1499 5724 8178 674 550 3794 9728 5162 5330 9588 6977 1033 7495 28 5172 5184 4746 6159 282 3386
24 3042 6557 5555 2769 4716 5499 8488 9451 5490 7802 3721 3390 7882 4549 3960 7732 6525 4563 7658 9523 8117 1615 7654 969
24 3249 9213 4751 3462 9263 970 3587 425 1693 7328 9218 7532 3271 4934 2411 3737 7403 5902 6560 6769 7544 3421 5779 4347
24 3448 3452 5511 3518 5313 8834 8911 3167 4396 532 2610 5451 157 2527 5487 7975 3255 6373 8102 3224 121 6008 8774 2155
24 295 9038 8080 4311 8910 5348 7369 6236 7462 2062 9187 8038 1409 1606 1611 4451 1992 2461 2199 1930 7791 7246 5042 2388
24 5959 4671 8903 9592 952 8526 3556 437 1207 2522 6145 2686 8109 6611 335 7563 8457 7530 9569 1716 6327 2487 7854 5320
24 5482 1359 2604 2614 2401 4795 107 4247 5059 7068 6018 7623 3463 2462 226 7964 4731 7182 5589 4608 6203 4058 5007 3006
25 5371 94 1285 2963 6869 7149 6286 9660 4241 1329 4376 8248 5833 6904 4970 4321 7961 7067 5004 1586 1686 7281 1967 6157 1637
24 701 3482 26 3811 4408 8727 2433 6300 8593 8889 5137 2811 3889 4109 3043 1652 1164 4675 8252 2197 2866 2907 7806 5921
24 3160 8669 8870 3951 6278 2057 7896 6750 3398 1215 916 7112 8362 4700 6400 4763 2515 162 7600 5337 7518 6184 6974 7417
23 3592 1846 89 9636 7436 5435 106 7390 1226 359 259 4943 2278 3820 2702 657 2486 1966 8084 3547 2067 845 9346
24 7674 436 5886 8438 6681 6618 9943 8840 8013 4127 9007 430 7692 5662 471 9162 9171 1814 3655 1454 4412 8270 6179 9481
24 6781 7318 9248 7011 7279 4677 5857 6747 2624 1256 5963 7072 4723 7069 8226 2690 9401 9663 8342 823 978 5950 9152 4871
24 4115 9498 8851 2573 1631 2920 7675 3215 3078 9664 1972 9800 2015 6953 4070 535 562 1514 3498 4884 6447 9573 6843 9895
26 1826 8099 4433 6231 1737 6444 1264 4307 3520 409 8988 521 7443 777 1719 9757 5242 7064 6132 4536 4036 9074 9134 5609 9841 9770
25 7643 474 2000 5310 421 2519 2346 6817 5769 3835 886 1589 600 2546 9050 8319 3329 6035 1357 9486 2383 2311 2716 3403 6787
25 1408 352 9236 7650 9489 1160 8235 4306 9771 8815 6612 6345 2372 9323 7585 2602 6346 6805 9536 6077 7453 8981 4793 825 6202
27 7782 1824 1896 736 2578 2752 3318 9272 5911 5687 1259 3986 1915 954 2615 8732 4438 744 1087 5283 3726 349 37 3196 8792 8443 7796
25 4182 476 5545 8273 7721 2770 8263 9339 4958 5096 4100 1261 3801 9668 4492 1450 2997 8048 7145 9063 2964 1543 4518 4345 6405
25 8044 1425 3937 874 9123 357 4309 7393 6230 5384 4818 7560 6471 9552 958 3013 4389 3394 6645 2669 4468 2885 6637 7934 6596
25 9670 2607 5966 4717 3707 2024 6990 7748 6567 3228 6814 2004 7919 623 6078 3596 7314 6894 7686 1129 8770 9947 5928 4685 7456
24 3155 846 702 2293 8766 8798 1525 5704 4431 6773 7308 2759 6048 6079 9709 5458 2958 6158 6909 8779 2749 6513 6969 6511
23 8725 8896 1113 2396 3283 3847 1784 9781 734 4032 1320 2404 8135 494 5252 1190 3029 8557 6583 8032 7930 1672 9163
23 8078 3169 5345 3582 215 6727 1735 1081 5906 1206 3241 5122 5299 6306 3594 2208 6934 542 18 4584 1428 1638 511
26 8103 7047 2365 5349 3177 9773 3272 8000 3069 5311 1585 8826 2617 3674 4693 8867 4534 9518 3017 8881 5558 8955 9912 9505 7568 3748
24 7277 377 256 1809 873 4076 9795 4003 6037 3825 8611 3981 4128 7779 8310 759 6285 2347 3023 88 7508 2616 6240 7887
25 3873 9136 6623 6284 7728 43 5274 3785 6856 6238 6993 5962 6100 5485 6946 8199 1335 5364 4624 6293 1762 8660 1891 2956 6647
24 9601 5467 1779 4926 1430 3019 9461 7755 7268 1557 5828 1847 7844 802 64 9626 7550 725 1372 5408 547 4552 6680 9212
23 3216 5613 1192 2506 3275 2868 9675 6630 7522 310 9068 522 1114 5199 8491 2192 4203 5715 3447 6339 1798 5618 9643
25 3117 1143 9747 6961 4834 232 3151 8322 2320 972 911 8278 382 9325 4033 7813 608 5494 3307 4613 5158 7463 9723 3918 4331
24 1579 9727 1021 9219 2768 6519 499 670 5035 5309 1948 9367 5477 8996 5640 6788 6019 1687 4319 1594 3355 7174 2587 1921
24 7080 2766 3579 8083 4018 5912 435 3158 1074 1825 5428 3393 9547 418 1789 1471 913 7137 8427 5101 2938 624 3857 3232
24 3353 5130 49 8950 678 2429 6309 1759 8206 4435 8616 4583 3026 7558 5174 5415 342 7434 712 8818 892 4384 2925 5987
24 2586 5160 8654 4802 5151 7974 4282 743 1242 161 5289 4511 947 2187 211 6695 4770 7420 5437 7799 3727 3796 5736 3554
24 2921 1387 7183 3763 8714 971 117 8680 1290 1023 709 7346 998 9560 6712 9511 9026 118 9374 3438 7923 5849 7537 3810
24 1785 3210 3051 4824 2168 1236 5170 4630 7651 9917 76 8332 8140 6226 5013 2118 3751 458 9972 8192 2533 9045 8062 9510
24 3766 5557 2418 3373 9719 9803 5457 8262 3813 8008 9300 9185 6742 1536 5493 7225 9566 1902 9608 857 8803 3652 7194 3708
24 1813 7487 928 2135 5318 6167 9186 3340 21 3273 4835 143 8621 7909 8196 8304 7325 8069 8065 7220 1287 2828 5591 6625
24 3709 405 5965 3295 2137 2301 2687 4885 3262 4028 2852 1223 7044 4538 5628 9530 6529 9574 9652 983 4271 390 4540 6835
24 3190 1030 5213 5516 5066 4323 7278 5570 6690 1166 92 231 5577 8667 3824 772 9137 3750 7252 4222 9001 6755 224 1635
25 3922 1312 9646 9073 9937 8970 9939 4931 9921 8857 5974 9008 1416 5642 3184 6792 6247 6831 9722 6273 787 2448 7764 7718 9802
23 577 3235 5529 1560 5945 6634 2409 9314 7190 2050 8604 4343 1453 5648 3253 6900 4233 8738 5657 1815 5215 4940 3504
23 8786 3775 6635 5826 4983 3573 8828 111 9842 7213 3849 3700 5214 9297 8041 3414 3768 9402 5305 4927 439 5621 4875
24 4172 862 8143 7699 2358 3703 662 3724 6666 3194 8855 8066 2549 1927 9046 7208 2127 5264 4848 7601 4593 9698 3030 6865
25 2368 4980 3460 4279 6237 9915 173 1657 1555 8602 686 3124 8015 6175 9047 3085 244 9028 242 4265 8606 2505 6881 9015 2507
23 4119 9887 2649 9286 5416 8176 9078 9854 9919 1630 5198 3609 3677 7834 8171 5616 1384 5452 8433 5812 5685 2431 7820
24 9475 7545 810 4917 8615 740 7751 194 2055 7531 239 1418 2837 2466 5899 8444 9746 5933 8485 6248 5110 8916 5635 8696
23 526 1038 4068 7084 4005 930 9133 5822 594 7355 228 1621 7310 8497 2521 4439 6107 8408 3838 1449 3607 936 2630
24 1808 7539 2777 6620 9907 236 4809 2961 2280 4882 6178 6272 2970 4819 3602 9726 3485 151 4729 6981 6943 205 1875 7688
24 691 3827 8468 7694 6983 3680 3091 8873 1098 4292 3191 1085 680 8787 6607 7881 4572 4663 269 2824 1237 3760 6371 3021
24 5014 3505 9251 3954 2775 164 190 1532 8318 4344 3705 4551 8713 2445 2321 6839 4554 765 3578 5702 1947 6673 9968 1778
23 42 3551 7394 5298 4784 81 760 4194 3774 2891 2998 4578 9877 4800 247 5636 3397 1153 808 8810 3197 1928 2494
25 1959 6440 1831 1924 9378 8277 9909 6409 5183 8330 67 5817 8329 8860 2407 7285 9088 5743 6517 2612 9878 1943 7837 8307 5269
25 8858 7584 8447 2916 5207 919 2298 5163 5434 5068 4519 5852 7809 2464 4113 4164 7141 1729 5762 9680 9022 652 9474 6842 7559
24 2870 5535 8073 9052 9115 1639 2794 261 5749 6651 1128 729 3495 4240 8023 3222 8 9265 6316 1978 1765 8487 9555 2980
25 4967 5326 9743 3201 627 1612 3335 7592 2947 2867 2897 3584 9002 2508 830 2128 1426 7211 4755 2284 4255 2844 4680 1313 4978
24 3387 3496 2557 3866 8701 343 3619 3544 2646 3286 5282 805 5732 6565 887 9345 742 8091 3613 7287 9962 3583 1697 8114
23 2038 8394 854 1175 2126 9955 6419 468 6989 8976 2833 1892 1598 2945 8429 1075 1077 8888 1061 4381 1601 7850 1793
26 5876 2198 6857 2526 4248 9467 3934 4370 8493 715 3563 4906 6665 6741 9122 1537 9465 2650 5623 7665 8393 8219 2737 8092 5851 3595
24 6933 7006 2813 1278 1890 4817 5925 6205 1549 8122 868 8558 7025 6433 2658 4103 424 5641 3624 783 6907 41 9444 2719
26 2440 3288 3899 961 5226 8954 8609 5850 9853 5879 8253 1618 4919 2704 6451 6376 6725 7479 8340 4816 9789 1337 9934 2189 7805 4916
27 2772 8598 3025 8472 6778 7323 9629 2609 8001 4229 718 2412 7846 6749 9716 6726 6315 8271 6193 9834 6733 7619 5615 9579 3970 3555 8385
25 8995 1271 3640 9806 443 8293 1222 5439 9308 6824 9526 6098 7860 9796 7888 302 3822 864 9938 5872 3163 44 9347 9161 9204
23 207 7946 61 7985 4628 5167 7981 1007 1688 9703 6352 3034 7172 6334 6938 967 2180 8635 3066 8845 2911 6189 2661
24 4935 6597 5837 2933 9384 4192 9504 6994 7869 2835 5327 2685 9279 245 8529 5331 8054 7160 8280 8789 3045 5231 2895 5561
25 9014 3247 6046 3524 4655 9027 1414 3647 7703 7037 7645 2121 2428 8490 4614 8425 4498 3445 579 7339 7734 2731 166 8945 7641
26 6428 9049 9662 6765 9416 4739 6221 888 974 3277 9116 9750 3065 1392 3129 7236 8684 7398 8809 6848 5719 4360 8376 7631 4771 722
24 7833 9764 7871 5895 5423 8991 4116 252 5028 6574 9072 909 6418 8129 3004 1684 8767 4528 9449 6661 7647 3601 1327 7063
23 78 2202 5185 780 397 745 3429 1971 8089 8801 8639 7557 6075 9295 3378 5179 4920 8449 5686 517 574 1484 7534
25 3183 688 8415 7449 9520 7383 147 7840 7993 8689 7195 5766 3321 2882 2631 2975 9085 7716 7017 5776 4320 2514 7861 6133 470
25 2734 9445 3656 4957 6922 1677 7379 8528 4929 648 5347 3449 6337 210 6644 8720 4742 3000 9840 8633 6534 860 8585 2952 8351
26 3187 4662 5206 9785 5251 2439 572 1167 4799 8025 753 8931 9043 512 7378 6512 5773 3252 6608 4242 7101 9020 7106 1801 9109 2678
24 9435 1691 6250 4710 4104 1238 4589 1083 2629 1880 4215 7114 4902 955 1213 6140 2628 9610 8940 105 940 120 2157 4539
24 7851 7566 3027 1442 2339 5619 3489 3887 833 300 3819 4748 9712 1469 2379 3539 3052 4558 8127 3081 3354 448 1106 9914
25 1574 8504 4481 9079 9980 8634 9936 87 2802 4101 5611 4602 3389 7155 1231 9239 5807 9048 7562 661 6317 5261 2904 5029 973
24 4189 7343 1407 3620 5829 8462 5010 1609 8511 4691 5083 1490 5135 9666 4838 1073 9195 7 9605 8742 6832 47 9018 5065
24 6423 8339 2693 3417 3267 6866 6473 1680 1754 5869 989 7184 2216 2319 438 8301 1200 146 5873 6260 3936 1288 2781 7021
24 9168 5097 1067 6382 309 2468 9753 2846 332 9332 9618 7962 264 1383 1156 8016 9125 8173 1183 714 253 3840 8879 5723
24 8854 1415 498 8833 2912 7239 3480 5074 4726 84 9179 4161 5842 4129 775 5957 4372 4863 3032 1328 9032 2170 3645 6279
24 9189 2496 2524 2048 5726 704 6393 4325 4163 6252 5411 4011 7271 5040 2886 761 5979 2356 459 3098 731 3958 2936 124
24 187 816 6640 1417 5082 8924 7960 1028 2286 7000 8956 1046 3211 3639 9647 8056 3789 4772 4296 5359 749 3041 1727 9354
25 6229 626 4067 9836 6657 5079 6874 6675 1668 1460 2465 7588 9609 1391 8034 1903 6949 1463 2575 5380 6688 2308 5372 5284 1990
24 3153 4632 429 9899 73 5670 74 2071 1899 2913 8352 1249 4072 3047 354 4133 4206 8275 6899 4531 2706 2031 7555 3634
23 4466 3628 5898 422 8966 1592 2158 3304 5601 8967 4599 8279 8578 9893 8420 6127 5871 4968 9905 6761 5787 7424 7756
24 4052 7720 7581 60 6844 6859 5772 2960 9375 1867 9228 8142 2869 4656 7210 9749 7821 7092 2905 4369 1939 7319 3080 1864
24 1048 5241 6699 6102 9590 4069 8646 9006 1233 4988 5497 6484 5752 3599 9471 2723 6333 315 2545 2046 1975 287 9431 1791
24 8424 4447 5865 273 5258 408 7598 8645 358 203 1292 249 2683 4424 2292 4812 463 6131 7263 4336 6011 6573 5513 2681
23 175 8383 128 9884 4175 3225 4524 8042 8652 6354 609 8255 4167 1977 7570 8138 9578 6852 695 5294 6041 6404 8887
24 6613 9360 5209 2384 2664 1055 975 266 5429 1002 5281 9792 1142 1832 1351 1625 3012 6642 4403 9686 9112 8416 3956 2791
23 7653 9031 7380 3126 6912 3917 4048 6331 5514 8296 9833 9411 7853 8370 5393 7041 3787 6592 752 4961 4346 1678 8753
23 1572 5336 8481 9669 8575 7412 1194 3532 6138 9677 9250 9959 4139 101 5272 6957 3564 4173 9201 2422 8750 6947 1298
24 6392 8590 8797 3953 3610 8569 8581 2415 5781 636 8775 1879 4213 6223 6494 7127 1844 6886 6101 2694 4297 4895 5002 4300
25 4114 7855 7402 850 2212 6816 2232 1895 6015 3402 2825 6192 1968 169 4051 6045 847 1945 1529 3478 1518 8658 3366 8819 5453
24 6340 9688 3575 2244 9268 7158 8365 5105 110 6918 6310 4423 3723 7499 1645 1591 2676 6118 1982 6139 1209 7156 8744 447
25 9371 7708 3560 2343 5714 3528 8812 1883 8325 9979 8536 7242 4776 3939 3231 6964 5929 9682 4267 2812 638 4890 8470 6546 4901
26 8946 4474 2482 1597 2535 7381 4828 5760 4500 6210 5811 924 4862 7757 9734 2087 3263 1159 7827 7512 7683 9542 7008 1665 9330 4329
23 152 766 7752 8234 53 7988 5176 7097 9545 5834 6908 3477 2185 514 6343 4016 9102 3070 2434 4411 3120 3901 2480
25 660 2795 4214 7986 5542 319 6919 4264 8309 6586 140 7740 1094 6841 3499 9981 6527 1043 8021 1019 4270 5391 4913 5050 8314
25 9058 5801 416 968 82 6794 1593 3299 7597 995 301 1459 1936 700 4623 6288 1619 4972 4308 296 5091 5527 8060 4897 7911
23 4071 9538 5476 1422 3347 2838 1299 8874 1694 3515 5259 7739 6380 2111 6039 4861 7504 8357 3994 2926 6932 6435 5392
25 5588 8653 5740 817 1644 7185 7110 4874 4785 8245 1214 8426 6670 5095 3576 8313 8459 7170 5141 3154 9524 8559 6029 3038 5738
25 5057 4392 563 3396 6421 489 6752 9851 4638 3670 1405 6063 6398 1221 7994 1565 4778 9275 9691 5445 3237 9894 7772 8715 6588
23 3491 8183 4996 5668 979 1521 8264 2843 4062 7939 1244 1661 669 7626 5357 875 4333 160 9450 6324 2834 2059 9827
24 5046 7222 8356 676 9241 3541 5512 4031 3379 4375 3926 3646 5956 7437 7628 8800 748 9399 9661 4646 7478 451 2809 7234
24 4768 6152 3333 6374 2236 8913 4134 8182 3742 9780 4992 5093 4851 8373 6905 8291 2449 767 1912 149 3988 5667 7422 519
23 9111 9826 665 7976 8937 4298 1821 2989 2030 2826 3094 4371 6998 6768 1523 9516 1478 3521 2778 9285 9164 7474 6730
24 6197 9243 7421 8327 7980 4221 2613 1427 9760 5694 6386 8137 6072 2219 5614 307 2696 3509 2162 7523 1266 3328 2493 8395
25 1179 9446 5903 6509 2201 5901 4621 6550 4363 1309 5106 1321 4918 5356 2564 1931 591 7255 8719 1827 5575 2976 6901 8941 1397
24 4764 5041 5237 1197 4355 1344 2470 230 5350 3453 1870 1147 8148 5026 6962 3007 7506 5888 7055 5629 4995 5507 8167 7326
23 7937 3856 6864 9382 4181 7538 5390 5700 1986 7009 6010 1905 2287 5484 2899 1803 7971 3864 7897 1281 5559 1027 7775
25 156 8246 8166 3264 1448 610 1368 739 8794 3407 865 1352 8550 6991 2181 6967 6549 2240 9539 5009 7542 321 2901 1315 1627
23 4974 4057 6871 6516 6746 7359 4193 4652 5983 1747 6298 8762 7564 3571 8259 6270 364 3469 6619 1305 3092 3633 2994
23 3590 523 5462 4455 7180 7910 4454 8974 7407 2656 8115 8650 6362 7912 6110 6589 4154 5518 2732 262 7741 5021 900
24 602 4796 417 8872 7667 9356 2021 5235 7942 997 1262 2893 3897 3928 5655 4159 6081 7905 7602 509 9687 3106 4097 4087
24 9106 1595 9492 2755 9761 8594 7441 7405 7330 4774 1919 7321 7725 2034 756 4595 5469 7451 6858 3527 2571 5774 1367 4131
24 2995 1752 2152 3350 5448 7572 5587 8469 5530 4383 6882 9389 5202 388 834 3244 5164 5607 5932 5521 5536 637 7165 4659
24 7576 8983 7331 5181 208 5916 1485 5277 9067 7983 4132 6026 6365 7737 755 1252 2081 1107 5225 5402 6012 3664 7608 6906
23 570 4989 5794 1505 6322 4486 1433 1032 5951 9855 7620 9923 4676 2972 3408 3245 2787 1155 8838 3493 2942 8771 1773
25 3636 4494 8026 7020 1907 2359 1904 3770 6344 4243 2044 7682 3753 14 6302 7425 8331 4142 9086 4012 7457 5870 2123 3829 6148
23 7883 9166 3044 1776 908 4137 8154 431 7062 4374 2389 9845 8871 2315 650 483 4208 1859 8323 3157 65 5216 5638
23 4065 6785 2263 1053 2101 9394 141 290 9173 2355 2675 153 2888 8217 3371 9432 4932 5358 4039 7604 378 9786 2611
24 5465 6931 9787 3410 3292 675 8741 848 7875 9862 8752 1853 8688 4750 5631 3089 9294 8059 6254 4150 2211 2385 4268 5273
24 7633 1893 6935 2430 9721 9546 5315 4110 3364 2647 2314 3828 9421 3837 4035 2362 2543 8474 5234 4664 3959 5712 6898 2582
24 7662 27 6754 6973 8884 6551 1258 1620 373 1799 2316 7043 3063 7763 6403 7103 1733 9639 5710 3688 1812 7968 1533 4915
26 2822 45 4349 446 5534 1016 4302 8577 8638 6715 9812 8769 8371 6228 5565 3890 3728 246 2035 6370 607 4450 4820 7470 4063 9799
23 9488 8366 288 6351 3186 3741 4117 4736 3791 6976 3923 3983 9312 6758 1702 454 6031 1570 3424 251 4600 9188 5208
25 4753 1424 5134 2253 8108 1542 7489 3777 323 4178 7059 2416 9824 6483 8190 381 1366 8795 5414 8014 441 5985 103 2594 233
25 6570 8961 182 4650 3064 1210 1760 9235 5862 2595 4293 2276 7005 5191 9098 1341 9611 8380 1455 9602 4721 8846 2041 5481 98
24 8346 1196 7219 9454 1794 3348 5253 3176 7950 4316 9769 5220 369 2432 6760 9083 944 7140 8308 9713 3274 9971 8479 7460
24 7148 4397 8017 4442 158 7691 9362 5821 5603 6552 6809 6375 6462 1050 2229 3569 1334 8430 8622 1254 240 3161 9724 2367
23 3875 8364 336 5116 9708 2129 5053 6084 8260 7432 5219 8601 254 8773 5554 1850 1324 2421 9620 6916 3148 4775 4275
24 2098 7382 281 2570 7482 393 7054 4145 4334 1395 115 6457 4471 5730 8758 6476 807 7599 206 1731 2667 6495 9094 4605
25 7427 9850 3519 7442 5654 7299 7356 987 5119 452 5442 8686 1914 4421 3535 2333 992 4982 7250 5019 5665 3940 1464 8132 9700
25 586 5383 7695 2003 571 8281 9183 3018 4579 1045 3635 2632 5540 3418 2792 9730 8825 1663 5085 894 4702 4580 3474 2134 537
23 5777 8657 7929 8540 5705 456 3243 8723 2078 6582 1280 1885 1535 645 2929 5605 3189 4075 1869 3943 1820 5789 6121
24 7320 773 7475 7744 3380 2106 2331 2707 6800 872 1044 5450 2369 4756 6940 1216 5087 346 6281 442 8516 3101 6663 7527
26 7759 6257 3630 3746 5860 1412 4734 3912 257 9793 5290 3360 9261 5716 6629 3740 478 2974 7749 723 8079 1527 1957 8218 8298 3570
24 4891 7179 8977 3735 2746 8754 4478 5168 7419 560 3416 8963 3747 9564 1763 2625 7241 5203 8202 1874 4138 9423 2786 3952
25 138 9791 2858 5244 593 1373 7296 9149 790 3298 5332 7077 5804 903 6649 3776 8856 9062 5316 8788 6103 1881 6271 4707 697
24 3423 6770 1066 5612 4636 8410 9182 2303 3313 8284 4430 2645 6706 407 4059 9156 6604 6458 5250 8556 7094 5256 4586 5644
24 9543 3503 3903 9150 6485 5863 6971 576 8147 1709 6206 2973 2348 5731 9553 8984 5891 1922 1506 9881 6222 4695 3826 8465
23 1577 3128 2599 229 589 6437 9084 5403 1724 6085 4180 7431 5982 3552 4056 5362 4022 1989 2302 9582 5734 8151 7540
24 6950 3181 9940 1059 4001 3114 484 4174 1104 9952 7838 4546 6156 5746 2425 2684 6087 154 5576 7987 1714 6305 6320 9192
24 9988 8432 4937 1429 2801 6244 5748 4527 9254 4504 7596 2014 2845 3470 7438 9706 5047 3658 2588 8802 7788 3226 2249 9418
23 2265 5532 3149 9397 6580 1151 3341 893 3431 8507 4294 5006 3370 1161 5038 19 1343 9331 7754 2626 5593 2371 6135
25 1386 3991 6155 6563 5210 1487 2748 4205 3675 8894 8347 5579 1873 6147 5594 4738 7357 5754 6108 316 2491 1333 8501 6650 5193
23 1109 6720 5031 9095 6280 1340 5401 2009 5064 1920 1744 585 4815 2047 8300 6870 786 5243 4907 8695 7214 8583 7936
24 2378 6001 544 9735 1217 6676 3821 5763 7091 2116 5874 5048 3963 9630 4118 7684 272 5684 9377 7524 8081 3083 1268 7649
23 3123 5245 350 8936 9391 883 8541 5382 9029 2842 1029 917 2593 1 2988 5194 7057 8428 8706 5582 8987 2807 2565
24 654 6425 1818 7151 4867 4975 2027 8486 4684 6954 6429 1482 6837 3799 9405 5708 4606 1041 1086 8777 7738 1550 9782 6172
24 5500 1348 3643 4607 171 216 311 7045 4833 5701 6082 5994 2300 5541 3327 4499 2733 4849 1447 8823 6867 4592 6639 3517
24 2417 2785 3781 8204 6027 1998 2728 4562 6188 4019 9651 4218 2982 1571 5825 5986 2458 3338 963 8112 730 9916 2634 2254
23 8709 5149 3618 8613 504 466 1730 1089 5175 2370 6811 6591 7681 386 4261 5335 1949 6636 5016 2537 2902 7315 3531
24 9581 7205 1330 1926 1462 4948 3040 841 5045 4047 2148 7288 6338 2821 6724 7350 5338 8676 3712 6431 843 9358 1503 7368
24 1641 1364 8586 8053 4009 8711 4377 8687 5133 2928 8939 4986 5426 8982 4836 2022 2172 6109 8852 5538 5549 7789 6264 4644
26 8551 1060 8205 8003 1600 791 7944 3745 5425 991 6454 9278 6208 1783 9469 5340 6394 3915 7904 5088 6782 9208 8596 5365 6587 9604
24 4077 4166 8566 432 9096 5022 9583 8004 2509 4720 2033 8436 1068 8975 3884 2344 3792 4445 9193 455 9563 9383 4635 4789
24 7324 6610 7894 3405 5867 3513 2601 7291 7275 8844 7118 9996 5505 414 1656 9644 9843 2317 1669 4631 6704 5054 283 1445
24 4398 3665 8297 8282 1562 2375 5639 6160 7761 8159 7949 4160 4365 6170 1240 6054 9226 8209 3577 9124 426 3074 4708 8618
22 666 6578 598 6313 9302 996 2562 4647 1182 9370 7696 604 2798 4010 6307 3097 317 4155 9025 3457 2099 7774
24 3511 6796 9459 7575 6464 9565 8518 925 8391 2178 6367 1406 5718 5479 4596 2402 7051 3230 8951 5286 7713 4437 7839 7899
24 3815 9117 9522 4034 3716 6411 1302 7629 9883 1526 3982 4081 844 6545 5295 248 5061 8064 9472 1633 2214 8895 5257 1993
24 6603 2793 4458 7742 7249 2391 6215 1219 8358 7935 55 1294 2077 4737 2663 3031 9009 9114 3977 2896 4459 5285 3381 4977
23 2182 457 4217 2395 5796 4472 7916 4272 9689 3127 2576 4669 5531 7143 1201 2816 2377 8179 4407 5466 9071 362 7722
24 4467 9246 8399 6032 7147 9329 4089 3654 7876 1548 529 6174 6450 8175 803 7023 3566 155 2619 4908 8935 7089 6564 8670
24 445 6154 7042 1049 2394 7891 4465 4055 360 2948 5108 3061 1439 9140 912 6789 8473 8101 2865 8203 1227 6823 3540 5211
23 7828 5049 8919 1124 706 7061 6979 4446 1419 2643 1962 8807 6540 1613 1732 3973 5745 885 942 1834 2329 2481 6537
25 3236 7030 6543 4803 8261 9515 9165 7777 4017 6268 9482 116 9736 9326 2206 5205 370 8312 8467 699 8520 573 5960 9860 2659
23 9282 7494 502 9817 8418 7800 177 597 8677 2020 7150 8901 3662 7353 4924 776 8071 8853 2115 8712 7553 7153 819
25 2849 90 1539 34 2640 8765 1547 2313 3678 1269 4990 4696 7509 8560 5378 649 7027 9230 797 8905 814 8241 4735 4502 3436
23 2209 4805 6294 170 7625 7086 9622 4004 2955 4732 6948 2082 7656 4125 299 4860 5099 1475 351 4287 4532 6633 5988
24 5798 5941 3005 4144 605 1198 2334 9808 313 4564 510 3585 1830 4814 4493 5463 5444 5866 9379 1112 651 5548 1473 1185
23 9215 1247 4099 2353 4639 7872 9954 3545 4440 5830 2682 533 6786 904 1741 5920 4245 3133 8045 181 3451 4516 7341
23 6669 4797 747 291 7773 6007 9172 1871 7847 8191 4402 6892 9252 8534 6689 9901 3935 622 2883 8749 7951 4714 7049
24 2993 2090 5917 3914 5456 15 690 8649 5071 4497 2382 8185 2981 2581 9021 2029 8869 3843 9210 5709 9069 6783 1540 8816
23 7995 5846 2459 9772 3346 9439 3711 6606 6707 9628 4425 643 3344 4149 2660 72 3965 1699 9950 6251 6667 4512 9556
24 6845 4338 5153 4249 4314 7349 8251 4864 5597 3553 3095 6716 5443 1886 1640 7963 1284 6391 8451 6040 1396 8024 8240 1911
23 1472 5967 7648 9640 3881 541 4341 8466 1889 5689 5427 1636 8288 7217 8973 4854 988 2987 9221 8146 3979 7697 6413
24 9155 4701 9755 4622 8681 2644 9393 9153 7243 8350 1952 5581 4335 4610 1623 7783 9271 7657 2553 1347 3993 2291 7996 7907
24 3256 1734 4239 7543 9549 2096 9324 1020 4941 798 3879 866 8990 9427 5672 2598 7940 7469 821 640 6308 4461 7655 592
25 4078 596 5077 6150 1659 4903 5218 4575 2511 2590 5405 1701 8761 3657 2290 5186 1884 1432 1658 7480 1580 5633 5317 4419 1766
24 993 7984 6928 7867 9963 8958 1420 1193 2931 8294 4410 7948 7556 4843 2174 3916 6913 2074 8647 3369 7107 5375 3188 5885
25 5835 1130 8850 9408 5896 4722 4315 9436 2799 5279 4667 9160 8348 733 6963 2453 6736 488 3358 6799 2261 8165 953 277 7264
24 558 9992 2876 1554 4393 1865 8377 2132 9720 644 1796 9217 3525 7546 6965 8608 6004 728 7933 1878 6784 3345 3530 3399
25 2452 2335 40 9076 6753 8285 6902 2477 1301 3484 1163 7157 9334 6439 7081 7410 9911 827 4484 6751 5936 1071 4956 5877 9154
23 671 5595 7922 9621 3323 3332 7513 793 6711 1493 7007 9 9595 5394 5389 3142 2073 6066 8811 6366 3057 4866 6065
24 2150 5147 8227 8890 7790 132 3103 4044 7709 4844 5803 7104 3152 3512 595 9641 3900 8181 284 5120 6325 8682 1522 1363
24 4616 5952 6258 779 1604 9599 901 2538 3863 4002 133 7276 4230 3574 3790 9337 3296 8359 8922 7717 7991 5161 2456 5823
26 2636 6214 6168 1465 5883 513 1411 4388 1643 5998 855 3441 7033 999 5399 4618 8161 5626 29 8302 1997 4688 3668 7294 7908 5033
23 7822 4794 479 2239 3755 8791 4880 3481 6705 4689 6735 914 4280 2484 8626 260 9245 7895 9978 5882 24 8768 582
24 395 9868 7458 9190 8992 956 2194 5523 6609 6460 225 1507 3137 1047 7823 5927 7507 9132 7594 9004 7125 5276 8619 1868
23 8407 3361 9304 9627 5478 150 7483 7664 3494 9466 2984 7199 7778 5573 9922 4899 1388 7818 8929 235 3906 4962 411
24 9872 553 9930 3696 6985 8679 4348 1792 7284 9057 1544 831 4883 2419 5495 4837 8452 8923 7498 3687 1115 9438 3444 1954
24 6190 5934 659 4629 4694 4692 8398 1872 7672 3834 5073 3108 3886 3113 6678 9711 5143 5319 6631 4571 5586 3467 2561 5255
24 2823 5008 6890 9130 294 8257 9395 3715 4520 6183 8337 1829 1063 6653 6877 1743 3738 4859 9948 889 5747 2467 5473 4171
24 8097 2351 1014 8699 5797 8494 7240 9885 7473 2325 5894 861 8475 2387 1906 5043 9237 4198 4620 7486 218 3406 5698 977
23 1753 6729 7244 5585 4030 1770 1777 6872 1000 2780 603 1726 9830 8702 8563 104 7862 9433 8174 1393 5948 5418 8194
23 6638 8386 9891 6000 6049 4487 5090 9835 6927 3795 9448 1894 5790 9587 4653 7797 7454 3627 3752 3014 2544 1350 7917
24 8595 551 6474 5574 4788 2745 6944 1676 8862 3846 3303 7130 6134 9169 8396 9875 4464 3115 7659 6141 5569 3024 9838 1199
24 2652 726 6402 3907 2279 964 2161 1307 2260 5768 412 4779 2283 56 2270 3945 3365 6825 2729 859 8164 951 1212 9995
23 3233 2332 2228 1758 1588 6616 6744 8783 3105 7824 2520 4098 5104 4955 884 6195 8524 9715 8965 3946 4762 9100 9837
24 4852 8152 2512 1152 4587 7375 1944 7468 4262 9087 1960 6829 8254 8295 6466 5980 495 890 114 3352 581 491 4963 1648
25 8220 9180 4236 7448 8120 2323 2138 185 6312 7765 5192 123 8384 3514 3067 5081 8571 7826 8664 137 195 1576 7677 788 1099
23 8315 5503 5815 1178 4252 7117 4938 7670 9857 2262 4074 4317 1887 1224 4911 2871 1979 9503 5996 621 7002 3580 7492
24 3363 8207 1842 3855 9974 9540 9107 5146 413 7108 7459 4617 8882 1840 1195 7510 829 2605 7169 9348 9170 497 8640 7886
25 9284 8543 1275 9754 2144 1282 3170 2937 7450 1723 8591 8842 5786 1057 8519 905 4301 9493 4651 6478 9805 9244 8353 5410 9784
23 9211 548 8717 2966 4495 365 4953 7745 2725 4515 5854 337 981 3204 1338 8817 2222 8126 7440 3649 4561 7123 3071
25 6130 601 3929 1186 7516 4976 8417 8673 6163 3508 822 2080 2903 9453 3641 4704 1624 935 7311 9364 6797 9705 2306 6830 4964
23 7609 552 8547 5182 163 6036 8460 8483 5578 2184 4749 7363 6530 1088 1584 8947 8704 8229 8632 8672 8061 3468 3808
23 4760 698 1909 6445 9097 2642 2738 7046 3608 642 8666 568 4112 1403 801 1084 867 9550 2483 1728 1629 8402 8629
25 1434 1587 6980 8513 7707 721 7361 8463 5935 5297 4591 832 5132 9673 8707 7079 549 8198 2455 6801 25 7616 8731 1211 9343
23 5354 9584 9042 6177 1441 7028 4025 871 3797 8861 6684 2671 6432 3109 6853 4429 921 9631 3706 5275 2516 6952 8311
24 6891 6600 3867 9816 4553 9406 720 3487 4945 4456 9414 639 7212 8843 4787 9532 7565 217 6289 3239 5032 7852 503 6627
24 5262 1805 3476 5148 4530 5596 1725 6097 5440 7554 6941 6772 9823 8414 8643 672 4041 4121 948 7164 4827 2668 946 7414
25 9858 3534 2472 1241 6304 2450 3802 9363 9983 5847 2967 4177 2889 9776 1806 9142 1157 1843 8763 7977 2269 8830 4422 6061 1289
26 7735 5984 9352 4476 6677 4096 4358 2233 1692 7767 8437 4985 8883 8942 9066 2492 8868 1332 8521 1318 6086 7280 3962 9869 2879 6207
25 3611 9104 8052 4152 5744 6686 4190 9818 6287 4428 71 1314 1498 8597 9040 1581 4604 5094 9775 9306 4326 5864 7804 4254 7162
26 934 3179 5908 4480 2147 8368 9898 5802 9056 3146 4547 4713 1171 5409 9683 4609 6505 7283 6468 3053 5300 3559 4936 4954 6235 6246
24 9328 2330 3919 3291 4567 8831 8249 8289 1435 9497 6187 305 1496 9659 8921 8703 668 2503 9572 77 9828 5859 4235 9577
24 1764 5475 8875 1558 5229 630 4724 4158 3743 2946 986 178 8780 5643 5003 3433 3475 7193 9849 7595 192 3758 8180 531
23 8267 8434 4327 3764 7865 9571 200 9634 4153 1436 9118 2032 7758 4094 5799 1510 2880 6080 9637 3930 8776 9650 9982
23 5370 5889 3694 2930 1138 3281 5159 9376 7753 7941 7792 4761 3400 3068 1955 7780 6536 6465 5560 6169 3138 4767 9600
23 8849 8440 4318 9120 7715 9223 6538 1610 1749 8413 5691 3220 4258 6884 4143 3666 3597 8163 1857 4490 9064 8589 2783
24 4473 7918 7636 2141 1969 7605 36 3865 7503 8189 9135 6137 6502 492 4946 5733 7366 4029 6489 7505 9900 5280 8360 2288
23 9413 2086 7173 7026 5436 9121 4672 4413 391 2040 5417 6996 4148 6492 8900 6777 1026 6290 7998 9353 4872 8548 1651
25 4801 7395 3987 4186 8046 5125 8256 5302 4432 8617 6999 5438 5027 9283 2364 9070 8303 4508 5735 7490 2721 12 5845 2528 2107
23 7760 1365 5997 5005 7607 7915 1767 6364 5329 6213 7973 4855 8051 9103 3261 46 6662 7452 6593 2927 2105 1323 3870
23 4049 4754 5127 7232 2992 6112 689 1671 4544 3310 2235 9024 4434 8133 923 3976 7945 9859 7520 6828 7726 7322 9741
24 2711 5195 896 3455 5308 7870 3420 1797 4140 1444 1489 2413 7171 8087 9671 8379 4285 4024 6501 7342 7617 8225 3334 9527
22 8644 3911 1772 3845 9825 6522 8641 4095 5420 4147 6291 270 5627 5651 1582 2831 2190 4979 8043 3663 836 8909
23 8544 7781 9568 2037 8584 1689 1888 9658 8944 4533 9309 3003 5373 7750 4706 7582 6067 1953 7019 2691 5491 950 2217
24 9888 7511 7358 4436 4227 2154 7227 4079 4124 8222 9280 4829 7053 618 1336 7762 4781 9206 1297 6838 5344 2143 2267 6091
23 1788 1556 7481 5713 1229 8478 6328 7135 5533 1934 406 8124 4027 5419 7333 7640 1534 6420 3084 2264 7856 9645 7134
23 7313 7015 9699 3331 3118 7065 5312 9203 8573 3131 6601 2342 8168 1376 1265 1101 6071 4342 6569 8110 9293 9697 3818
23 3968 7397 1675 6995 813 6057 9338 4542 199 5395 6701 7586 8283 5741 2246 9512 1251 8456 7583 1404 2999 6955 6804
23 9742 1468 487 4400 7430 9989 3427 6277 8369 7830 2743 7167 9852 3359 3615 3600 3206 4209 2751 6490 1369 1653 7010
23 3877 1768 1520 4123 2018 3439 2542 392 8047 7056 2500 4120 8759 1848 4202 4806 7302 5190 7972 6059 8918 265 2423
24 8039 9200 9811 2914 1740 8968 6547 465 4782 7928 2900 6945 4312 7836 3046 8230 4668 3862 898 5819 2510 3816 1001 2084
23 3562 8125 3099 5117 1042 4566 7202 6385 9012 564 5782 2010 4845 2200 6058 9521 433 8344 8243 9633 9586 1559 7260
23 2414 9695 7253 8445 1994 2771 6535 6412 3055 7404 8007 6624 8276 5098 9701 7685 7113 2160 8527 8068 1270 126 647
24 1938 2890 5247 9967 3049 9745 2403 2552 7352 3290 7001 895 4488 1673 2043 5385 6199 4253 3861 10 3842 4840 8374 8932
24 8698 687 4896 462 6966 33 7927 3086 2373 5488 3771 7702 6166 2695 17 3714 7226 3691 7139 8555 1361 8928 8265 3227
24 2635 9561 5721 5461 4697 2840 8022 1603 615 8859 4179 5909 3684 6146 8804 8496 6641 3591 1005 9277 9679 4683 4965 694
24 1817 5324 4909 4126 4627 1245 9415 9178 4064 4284 8390 965 6968 7999 7433 4711 5892 7301 1877 5805 5809 368 7978 5517
24 8372 2241 2 5968 9033 1133 8532 8642 5238 384 6025 5808 4332 7159 398 2045 5676 5449 9301 3208 806 3931 9403 6216
23 1660 1437 5881 653 62 134 5878 6256 4401 907 3199 7012 2757 255 5060 347 2196 1110 3135 7477 9030 2850 9969
24 3384 2954 1835 5680 7488 6395 6559 3320 1708 1524 8482 9060 4146 7218 7428 2580 2932 6903 9977 2072 3909 4352 5717 75
23 9594 6879 5129 6790 629 8500 9762 5975 2513 1402 2019 8675 9681 2697 241 5572 6349 5995 8169 1470 891 8037 6173
26 9392 1492 4088 9019 5940 8651 3644 926 2689 3330 5124 8435 3132 7102 9409 1346 6083 4846 6070 8010 5728 3015 8880 1916 1551 3767
23 8404 2554 16 9428 1095 8328 6186 9889 7906 1034 6915 4637 5622 7829 100 8822 4073 8075 5017 1981 2008 5953 8636
24 6956 7569 2715 7295 9462 851 4083 3989 7039 2705 7712 559 4727 583 8156 3761 9684 5649 9291 5813 6532 5844 1946 2451
23 9960 1040 8778 8820 555 80 3156 1431 9089 6378 3269 4276 3343 8336 8113 2023 7303 2784 6022 6181 8317 8631 9478
23 3265 9037 667 3139 4887 184 1064 135 4281 4892 6024 1458 758 3805 7040 5034 3793 1018 7376 566 4224 7903 5707
24 1965 811 4769 2860 2873 91 9495 7078 1360 9247 3456 58 4414 5539 5816 4405 401 6342 5039 7332 7810 2119 8216 6014
23 2163 9366 5112 8193 221 9184 2289 4559 7032 322 1467 5067 7196 5688 4475 6043 6923 3165 1277 2498 5729 8514 5666
23 8579 314 9732 5910 768 7526 4385 4641 7305 9964 858 5820 361 3971 9567 5468 2277 2210 312 856 1705 9388 4690
22 8085 330 9632 6815 9537 5506 5969 3565 2426 8605 9455 9729 2312 1502 5139 3749 9305 1900 2618 8077 3008 496
24 3581 9336 6655 4386 8266 9238 1440 2322 219 2028 7525 9303 3568 9290 9011 985 3718 4269 3689 7461 9557 6503 145 7533
25 2563 1339 5632 3391 5610 1917 9994 4888 7345 1698 7877 2817 4351 1456 2740 8116 6775 2742 5328 5765 5515 415 4699 6142 6575
23 1187 3693 7384 7367 7679 5637 1127 8211 8628 2153 6646 1963 2326 5248 5131 148 3966 6679 1718 20 7900 4585 6576
23 5524 7787 5537 4050 7621 6099 8506 7105 569 2124 1102 1504 5546 9419 7848 1748 5620 9225 7714 6833 9765 7593 1177
24 9054 9417 6482 4560 6822 2673 9310 5838 2068 7282 2017 9381 8031 52 7476 4879 6937 3561 5381 3510 6533 7435 6561 9138
24 3075 2442 3932 1220 1165 5446 2680 1317 3546 9051 1056 5152 9232 3814 5236 2726 3077 8729 4176 3998 196 4237 3472 6614
24 6227 6245 6363 9790 4278 3858 943 5508 7811 3356 4603 7953 1713 4570 5617 4359 3964 2471 614 2065 8100 1079 5991 6051
27 5455 1717 13 7216 5156 3844 4718 1750 5157 3100 7835 7776 778 3685 664 2741 6802 2488 6682 9341 2579 7128 2282 5795 575 1136 5690
24 6021 8740 8464 3671 3783 9315 3905 5900 7336 4582 9490 1774 66 6518 1578 5078 7446 3593 1497 1375 2709 3308 966 6301
23 5030 188 9606 3557 2053 4969 2142 7401 9368 5770 9233 5972 3458 3319 2026 8839 5625 8748 5180 737 882 2814 2406
24 8546 4066 9506 1398 1293 1009 8793 7455 3892 3020 189 9091 5827 9209 325 4023 3395 3223 4210 809 7770 5918 7885 2497
23 5645 2874 1100 1390 6452 7347 7660 7374 9593 8145 6143 57 9617 1225 8186 9429 5893 1381 11 8363 8409 4643 4594
23 8299 3681 1822 8693 2058 7866 2525 51 2547 9871 799 8338 7385 9674 6336 6571 9357 2875 632 5386 9991 869 6479
26 7132 5492 7060 3744 5020 682 3854 9240 2176 4201 258 6388 2534 3180 6106 3325 6232 9000 2621 2856 4366 8782 340 3422 4364 6422
26 3198 4994 2469 9139 6016 1243 6978 5502 5023 3603 2539 5600 4199 2949 6384 588 6734 3466 201 3673 7360 2962 3710 7817 3913 6491
24 1377 5653 6234 837 4183 3871 6162 2183 5412 9906 7612 6696 1382 1169 4865 1710 9946 9319 9603 1811 4196 1015 4832 3642
22 2146 7793 3921 1250 2221 771 8005 7661 6893 1003 1642 9935 3213 8757 9779 9269 7391 4485 6499 7386 9452 4037
23 5955 3701 2252 3412 606 1174 383 5568 4921 6585 7388 6414 5646 2727 4453 6314 2366 142 9819 3614 9535 371 9768
23 4830 5334 7864 3367 220 6359 9267 9973 7863 8231 2657 8422 3073 1654 9480 6381 8030 4463 8685 8018 1655 5361 7272
23 5703 3258 8624 1025 8381 6361 9798 1011 7423 7237 6044 234 633 9551 631 9656 8508 1202 9813 7121 852 8387 9307
24 6056 2517 8934 9224 5400 5307 3090 1253 619 6171 8813 683 4226 5737 7248 9928 3788 1078 6986 9953 9148 9003 5930 7690
23 8184 8927 7969 7528 167 5742 9327 3336 8505 2066 673 1358 611 9525 9929 3428 6880 9318 6053 7807 1010 3769 7364
24 4141 2583 8400 1964 2085 2569 8737 1354 6847 4728 292 5306 3461 4207 7129 524 9965 5089 9623 1538 7100 5432 4418 3116
24 2091 4259 7191 2051 1787 3297 420 4792 9090 5000 9434 1494 5775 5037 2113 5750 3140 6477 543 5571 2478 7731 6626 9558
24 5233 9361 3278 7845 899 8920 8274 8150 5964 3134 2577 4288 3853 9999 8866 9016 4225 423 8160 4105 172 8986 518 7207
24 9351 6982 910 7230 1961 6658 2762 1802 1118 8153 9809 710 2666 96 4555 2839 6020 9519 9176 2454 7521 2268 8412 4678
23 2648 3772 69 6073 5671 3486 4758 5100 1647 1742 8509 9299 6119 3891 3852 5697 7444 3676 6659 7730 6068 3062 1596
23 929 1712 6889 3164 6500 2337 3130 9260 7122 8821 6721 475 9483 4482 7943 176 3874 7224 2991 5196 556 3059 4184
23 750 6265 2971 8237 4942 3625 356 5856 9575 8899 3730 7099 1488 2653 4654 1006 1696 3626 7048 4337 8195 3868 8009
25 3756 5973 130 1267 1283 2677 3326 7163 9317 6914 8552 428 3894 5652 6104 5123 6469 7814 7920 9205 2953 9642 4548 341 3082
25 4759 656 8745 2013 7408 4394 9044 8477 2924 8892 3011 9902 367 6204 180 2460 6383 3617 9468 735 1378 127 9731 6390 9932
25 2830 7235 3385 9129 9258 941 2435 1120 4898 9093 5292 9081 7058 2193 6807 9487 8674 7627 8382 7967 9766 4479 3404 3529 4576
23 1833 4170 1700 4391 7719 4015 6436 8912 7536 1069 7312 539 984 2226 5810 1058 3178 9369 372 1786 480 5970 8964
23 4107 8971 2169 5598 949 320 6854 6523 5659 4223 3147 1188 2151 2130 5422 9597 6568 1162 9903 7517 7223 696 9941
22 957 1531 8733 7769 5052 2410 8700 3362 8562 237 2551 3692 1616 3293 5931 4876 5145 8772 4042 2776 2349 7348
24 7136 1568 9635 8841 6556 8933 9880 8993 3637 3507 1650 918 9355 8599 2070 1480 8086 5961 4449 2405 7192 7843 7178 5107
23 1204 5528 6092 4200 7203 4350 5084 3908 4443 3839 2944 7493 3102 1013 5841 6555 2773 3022 4510 2627 1022 2532 3876
23 9194 9591 2012 6410 515 385 2679 5843 3925 2857 5080 6757 3437 8614 6249 3372 8735 3990 9335 1181 6303 5178 2518
23 482 7115 8949 338 3242 3830 8458 5547 7334 7429 3317 1552 7795 4780 7832 4649 9926 3221 8188 9082 4026 8574 6088
23 2381 4122 3322 3009 7842 8572 2064 1248 5304 8721 3807 2739 3287 2224 4648 6827 7825 1703 8962 5660 6506 2444 6017
24 8724 5583 1976 7116 738 5433 7316 9733 7484 9502 4295 3382 693 9214 2806 7168 5271 757 6702 2638 9788 9398 870 1508
23 1599 1035 7689 4151 6348 9229 3604 9231 5314 8907 7589 213 3672 6396 1910 1901 6126 9108 3351 641 8236 2016 3143
23 9714 5944 7014 4 1239 8957 4550 4457 1849 6590 8035 8886 7924 9513 8269 3337 1605 2089 2796 6920 2881 1851 6441
24 4581 7439 2736 6718 4858 9975 9949 2243 3548 5200 5839 2251 6924 9653 9920 5421 1072 4409 5342 9143 1800 7938 7066 419
23 4574 23 9951 5855 3122 8093 6738 1679 878 5699 6719 1146 7615 4106 7578 4886 5722 6840 4038 1279 4274 9866 4747
23 7794 3972 4535 2747 5058 4387 3500 3850 9654 9739 3377 6743 2108 9077 6443 2898 8785 7567 8510 8197 2848 6737 2504
24 6791 528 1614 5520 9874 4673 6615 789 1837 4665 584 3415 2560 7013 7206 2133 4686 5788 9259 1974 8058 2523 2985 202
24 7613 1704 1756 5460 7668 7878 5406 8040 8213 5291 2390 6544 5270 7673 6124 1291 6987 469 880 2063 616 4590 9847 63
23 7642 5608 2205 2965 5360 308 4185 9737 9035 8335 7549 4448 6438 4470 9266 7095 9333 8104 6076 2054 1295 9544 6090
23 2996 4757 9128 1380 1674 5177 7680 9562 2255 8455 3812 7491 1457 9387 2910 2662 2641 3294 3542 6713 6052 7997 2623
23 3860 4773 6756 1575 8564 800 204 8224 4021 1126 8149 5943 6714 1780 8827 8208 4220 293 7666 4020 4947 1991 4625
23 4634 2069 460 3036 5201 5296 6296 3110 2887 4658 198 3786 6323 9262 7133 1940 1513 2443 6 8002 9422 6269 3107
24 9440 1807 8049 2049 9494 9648 1326 4204 6224 3686 4420 5114 8999 8321 2592 7372 9479 1311 2250 7970 8959 9918 3285 7947
